{
 "cells": [
  {
   "cell_type": "code",
   "execution_count": 2,
   "id": "f94be7ca",
   "metadata": {},
   "outputs": [],
   "source": [
    "#importar librerias \n",
    "import numpy as np"
   ]
  },
  {
   "cell_type": "code",
   "execution_count": null,
   "id": "3bef42dd",
   "metadata": {},
   "outputs": [
    {
     "data": {
      "text/plain": [
       "matrix([[0.8 , 0.15, 0.05],\n",
       "        [0.3 , 0.6 , 0.1 ],\n",
       "        [0.4 , 0.3 , 0.3 ]])"
      ]
     },
     "execution_count": 3,
     "metadata": {},
     "output_type": "execute_result"
    }
   ],
   "source": [
    "#generar matriz de transicion\n",
    "m1 = np.matrix([[0.80,0.15,0.05],[0.3,0.6,0.1],[0.4,0.3,0.3]])\n",
    "m1"
   ]
  },
  {
   "cell_type": "code",
   "execution_count": 5,
   "id": "9da2e01d",
   "metadata": {},
   "outputs": [
    {
     "name": "stdout",
     "output_type": "stream",
     "text": [
      "La probabilidad de que al dia siguiente este en mantenimiento es:  15.0\n"
     ]
    }
   ],
   "source": [
    "# cual es la probabilidad de que al dia siguiente este en mantenimiento?\n",
    "# F,M,A\n",
    "v3 = np.matrix([[1,0,0]])\n",
    "v3_resultado = np.dot(v3,m1)\n",
    "v3_resultado\n",
    "print(\"La probabilidad de que al dia siguiente este en mantenimiento es: \",v3_resultado[0,1]*100)"
   ]
  },
  {
   "cell_type": "code",
   "execution_count": 10,
   "id": "1784a5bf",
   "metadata": {},
   "outputs": [
    {
     "name": "stdout",
     "output_type": "stream",
     "text": [
      "La probabilidad de pasar al dia sigueinte de funioanando a averaido es: 7.0\n"
     ]
    }
   ],
   "source": [
    "#4 probabilidad a dos dias de estar en funcionamiento a mantenimiento \n",
    "p2 = np.dot(m1,m1)\n",
    "p2\n",
    "\n",
    "v4 = np.matrix([[1,0,0]])\n",
    "v4_resultado = np.dot(v4,p2)\n",
    "v4_resultado\n",
    "print(\"La probabilidad de pasar al dia sigueinte de funioanando a averaido es:\", round(v4_resultado[0,2]*100,1))"
   ]
  },
  {
   "cell_type": "code",
   "execution_count": 14,
   "id": "96c26f25",
   "metadata": {},
   "outputs": [
    {
     "name": "stdout",
     "output_type": "stream",
     "text": [
      "[[0.705 0.225 0.07 ]\n",
      " [0.46  0.435 0.105]\n",
      " [0.53  0.33  0.14 ]]\n",
      "1------------------ 1\n",
      "[[0.6595  0.26175 0.07875]\n",
      " [0.5405  0.3615  0.098  ]\n",
      " [0.579   0.3195  0.1015 ]]\n",
      "------------------ 2\n",
      "\n",
      "la matriz estable es: \n",
      " [[0.6595 0.2618 0.0788]\n",
      " [0.5405 0.3615 0.098 ]\n",
      " [0.579  0.3195 0.1015]]\n",
      "[[0.637625 0.2796   0.082775]\n",
      " [0.58005  0.327375 0.092575]\n",
      " [0.59965  0.309    0.09135 ]]\n",
      "------------------ 3\n",
      "\n",
      "la matriz estable es: \n",
      " [[0.6376 0.2796 0.0828]\n",
      " [0.58   0.3274 0.0926]\n",
      " [0.5996 0.309  0.0914]]\n",
      "[[0.62709    0.28823625 0.08467375]\n",
      " [0.5992825  0.311205   0.0895125 ]\n",
      " [0.60896    0.3027525  0.0882875 ]]\n",
      "------------------ 4\n",
      "\n",
      "la matriz estable es: \n",
      " [[0.6271 0.2882 0.0847]\n",
      " [0.5993 0.3112 0.0895]\n",
      " [0.609  0.3028 0.0883]]\n",
      "[[0.62201238 0.29240738 0.08558025]\n",
      " [0.6085925  0.30346912 0.08793837]\n",
      " [0.61330875 0.29948175 0.0872095 ]]\n",
      "------------------ 5\n",
      "\n",
      "la matriz estable es: \n",
      " [[0.622  0.2924 0.0856]\n",
      " [0.6086 0.3035 0.0879]\n",
      " [0.6133 0.2995 0.0872]]\n",
      "[[0.61956421 0.29442036 0.08601543]\n",
      " [0.61309009 0.29975186 0.08715805]\n",
      " [0.61537533 0.29784821 0.08677646]]\n",
      "------------------ 6\n",
      "\n",
      "la matriz estable es: \n",
      " [[0.6196 0.2944 0.086 ]\n",
      " [0.6131 0.2998 0.0872]\n",
      " [0.6154 0.2978 0.0868]]\n",
      "[[0.61838365 0.29539148 0.08622488]\n",
      " [0.61526085 0.29796205 0.08677711]\n",
      " [0.61636531 0.29704816 0.08658653]]\n",
      "------------------ 7\n",
      "\n",
      "la matriz estable es: \n",
      " [[0.6184 0.2954 0.0862]\n",
      " [0.6153 0.298  0.0868]\n",
      " [0.6164 0.297  0.0866]]\n",
      "[[0.61781431 0.2958599  0.08632579]\n",
      " [0.61630813 0.29709949 0.08659238]\n",
      " [0.61684131 0.29665965 0.08649904]]\n",
      "------------------ 8\n",
      "\n",
      "la matriz estable es: \n",
      " [[0.6178 0.2959 0.0863]\n",
      " [0.6163 0.2971 0.0866]\n",
      " [0.6168 0.2967 0.0865]]\n",
      "[[0.61753974 0.29608582 0.08637444]\n",
      " [0.61681331 0.29668363 0.08650307]\n",
      " [0.61707056 0.2964717  0.08645774]]\n",
      "------------------ 9\n",
      "\n",
      "la matriz estable es: \n",
      " [[0.6175 0.2961 0.0864]\n",
      " [0.6168 0.2967 0.0865]\n",
      " [0.6171 0.2965 0.0865]]\n",
      "[[0.61740731 0.29619479 0.0863979 ]\n",
      " [0.61705696 0.29648309 0.08645995]\n",
      " [0.61718105 0.29638093 0.08643802]]\n",
      "------------------ 10\n",
      "\n",
      "la matriz estable es: \n",
      " [[0.6174 0.2962 0.0864]\n",
      " [0.6171 0.2965 0.0865]\n",
      " [0.6172 0.2964 0.0864]]\n",
      "[[0.61734345 0.29624734 0.08640921]\n",
      " [0.61717447 0.29638638 0.08643914]\n",
      " [0.61723433 0.29633712 0.08642855]]\n",
      "------------------ 11\n",
      "\n",
      "la matriz estable es: \n",
      " [[0.6173 0.2962 0.0864]\n",
      " [0.6172 0.2964 0.0864]\n",
      " [0.6172 0.2963 0.0864]]\n",
      "[[0.61731264 0.29627268 0.08641467]\n",
      " [0.61723115 0.29633974 0.0864291 ]\n",
      " [0.61726002 0.29631599 0.08642399]]\n",
      "------------------ 12\n",
      "\n",
      "la matriz estable es: \n",
      " [[0.6173 0.2963 0.0864]\n",
      " [0.6172 0.2963 0.0864]\n",
      " [0.6173 0.2963 0.0864]]\n",
      "[[0.61729779 0.29628491 0.0864173 ]\n",
      " [0.61725849 0.29631725 0.08642426]\n",
      " [0.61727241 0.29630579 0.0864218 ]]\n",
      "------------------ 13\n",
      "\n",
      "la matriz estable es: \n",
      " [[0.6173 0.2963 0.0864]\n",
      " [0.6173 0.2963 0.0864]\n",
      " [0.6173 0.2963 0.0864]]\n",
      "[[0.61729062 0.2962908  0.08641857]\n",
      " [0.61727167 0.2963064  0.08642193]\n",
      " [0.61727838 0.29630088 0.08642074]]\n",
      "------------------ 14\n",
      "\n",
      "la matriz estable es: \n",
      " [[0.6173 0.2963 0.0864]\n",
      " [0.6173 0.2963 0.0864]\n",
      " [0.6173 0.2963 0.0864]]\n",
      "[[0.61728717 0.29629365 0.08641918]\n",
      " [0.61727803 0.29630117 0.0864208 ]\n",
      " [0.61728127 0.29629851 0.08642023]]\n",
      "------------------ 15\n",
      "\n",
      "la matriz estable es: \n",
      " [[0.6173 0.2963 0.0864]\n",
      " [0.6173 0.2963 0.0864]\n",
      " [0.6173 0.2963 0.0864]]\n",
      "[[0.6172855  0.29629502 0.08641948]\n",
      " [0.61728109 0.29629865 0.08642026]\n",
      " [0.61728266 0.29629736 0.08641998]]\n",
      "------------------ 16\n",
      "\n",
      "la matriz estable es: \n",
      " [[0.6173 0.2963 0.0864]\n",
      " [0.6173 0.2963 0.0864]\n",
      " [0.6173 0.2963 0.0864]]\n",
      "[[0.6172847  0.29629568 0.08641962]\n",
      " [0.61728257 0.29629743 0.08642   ]\n",
      " [0.61728333 0.29629681 0.08641986]]\n",
      "------------------ 17\n",
      "\n",
      "la matriz estable es: \n",
      " [[0.6173 0.2963 0.0864]\n",
      " [0.6173 0.2963 0.0864]\n",
      " [0.6173 0.2963 0.0864]]\n",
      "[[0.61728431 0.296296   0.08641969]\n",
      " [0.61728329 0.29629684 0.08641987]\n",
      " [0.61728365 0.29629654 0.08641981]]\n",
      "------------------ 18\n",
      "\n",
      "la matriz estable es: \n",
      " [[0.6173 0.2963 0.0864]\n",
      " [0.6173 0.2963 0.0864]\n",
      " [0.6173 0.2963 0.0864]]\n",
      "[[0.61728412 0.29629615 0.08641972]\n",
      " [0.61728363 0.29629656 0.08641981]\n",
      " [0.61728381 0.29629642 0.08641978]]\n",
      "------------------ 19\n",
      "\n",
      "la matriz estable es: \n",
      " [[0.6173 0.2963 0.0864]\n",
      " [0.6173 0.2963 0.0864]\n",
      " [0.6173 0.2963 0.0864]]\n",
      "[[0.61728403 0.29629623 0.08641974]\n",
      " [0.6172838  0.29629642 0.08641978]\n",
      " [0.61728388 0.29629635 0.08641977]]\n",
      "------------------ 20\n",
      "\n",
      "la matriz estable es: \n",
      " [[0.6173 0.2963 0.0864]\n",
      " [0.6173 0.2963 0.0864]\n",
      " [0.6173 0.2963 0.0864]]\n",
      "[[0.61728399 0.29629626 0.08641975]\n",
      " [0.61728388 0.29629636 0.08641977]\n",
      " [0.61728392 0.29629632 0.08641976]]\n",
      "------------------ 21\n",
      "\n",
      "la matriz estable es: \n",
      " [[0.6173 0.2963 0.0864]\n",
      " [0.6173 0.2963 0.0864]\n",
      " [0.6173 0.2963 0.0864]]\n",
      "[[0.61728397 0.29629628 0.08641975]\n",
      " [0.61728391 0.29629633 0.08641976]\n",
      " [0.61728393 0.29629631 0.08641976]]\n",
      "------------------ 22\n",
      "\n",
      "la matriz estable es: \n",
      " [[0.6173 0.2963 0.0864]\n",
      " [0.6173 0.2963 0.0864]\n",
      " [0.6173 0.2963 0.0864]]\n",
      "[[0.61728396 0.29629629 0.08641975]\n",
      " [0.61728393 0.29629631 0.08641976]\n",
      " [0.61728394 0.2962963  0.08641975]]\n",
      "------------------ 23\n",
      "\n",
      "la matriz estable es: \n",
      " [[0.6173 0.2963 0.0864]\n",
      " [0.6173 0.2963 0.0864]\n",
      " [0.6173 0.2963 0.0864]]\n",
      "[[0.61728396 0.29629629 0.08641975]\n",
      " [0.61728394 0.2962963  0.08641975]\n",
      " [0.61728395 0.2962963  0.08641975]]\n",
      "------------------ 24\n",
      "\n",
      "la matriz estable es: \n",
      " [[0.6173 0.2963 0.0864]\n",
      " [0.6173 0.2963 0.0864]\n",
      " [0.6173 0.2963 0.0864]]\n",
      "[[0.61728395 0.29629629 0.08641975]\n",
      " [0.61728395 0.2962963  0.08641975]\n",
      " [0.61728395 0.2962963  0.08641975]]\n",
      "------------------ 25\n",
      "\n",
      "la matriz estable es: \n",
      " [[0.6173 0.2963 0.0864]\n",
      " [0.6173 0.2963 0.0864]\n",
      " [0.6173 0.2963 0.0864]]\n",
      "[[0.61728395 0.2962963  0.08641975]\n",
      " [0.61728395 0.2962963  0.08641975]\n",
      " [0.61728395 0.2962963  0.08641975]]\n",
      "------------------ 26\n",
      "\n",
      "la matriz estable es: \n",
      " [[0.6173 0.2963 0.0864]\n",
      " [0.6173 0.2963 0.0864]\n",
      " [0.6173 0.2963 0.0864]]\n",
      "[[0.61728395 0.2962963  0.08641975]\n",
      " [0.61728395 0.2962963  0.08641975]\n",
      " [0.61728395 0.2962963  0.08641975]]\n",
      "------------------ 27\n",
      "\n",
      "la matriz estable es: \n",
      " [[0.6173 0.2963 0.0864]\n",
      " [0.6173 0.2963 0.0864]\n",
      " [0.6173 0.2963 0.0864]]\n",
      "[[0.61728395 0.2962963  0.08641975]\n",
      " [0.61728395 0.2962963  0.08641975]\n",
      " [0.61728395 0.2962963  0.08641975]]\n",
      "------------------ 28\n",
      "\n",
      "la matriz estable es: \n",
      " [[0.6173 0.2963 0.0864]\n",
      " [0.6173 0.2963 0.0864]\n",
      " [0.6173 0.2963 0.0864]]\n",
      "[[0.61728395 0.2962963  0.08641975]\n",
      " [0.61728395 0.2962963  0.08641975]\n",
      " [0.61728395 0.2962963  0.08641975]]\n",
      "------------------ 29\n",
      "\n",
      "la matriz estable es: \n",
      " [[0.6173 0.2963 0.0864]\n",
      " [0.6173 0.2963 0.0864]\n",
      " [0.6173 0.2963 0.0864]]\n",
      "[[0.61728395 0.2962963  0.08641975]\n",
      " [0.61728395 0.2962963  0.08641975]\n",
      " [0.61728395 0.2962963  0.08641975]]\n",
      "------------------ 30\n",
      "\n",
      "la matriz estable es: \n",
      " [[0.6173 0.2963 0.0864]\n",
      " [0.6173 0.2963 0.0864]\n",
      " [0.6173 0.2963 0.0864]]\n",
      "[[0.61728395 0.2962963  0.08641975]\n",
      " [0.61728395 0.2962963  0.08641975]\n",
      " [0.61728395 0.2962963  0.08641975]]\n",
      "------------------ 31\n",
      "\n",
      "la matriz estable es: \n",
      " [[0.6173 0.2963 0.0864]\n",
      " [0.6173 0.2963 0.0864]\n",
      " [0.6173 0.2963 0.0864]]\n",
      "[[0.61728395 0.2962963  0.08641975]\n",
      " [0.61728395 0.2962963  0.08641975]\n",
      " [0.61728395 0.2962963  0.08641975]]\n",
      "------------------ 32\n",
      "\n",
      "la matriz estable es: \n",
      " [[0.6173 0.2963 0.0864]\n",
      " [0.6173 0.2963 0.0864]\n",
      " [0.6173 0.2963 0.0864]]\n",
      "[[0.61728395 0.2962963  0.08641975]\n",
      " [0.61728395 0.2962963  0.08641975]\n",
      " [0.61728395 0.2962963  0.08641975]]\n",
      "------------------ 33\n",
      "\n",
      "la matriz estable es: \n",
      " [[0.6173 0.2963 0.0864]\n",
      " [0.6173 0.2963 0.0864]\n",
      " [0.6173 0.2963 0.0864]]\n",
      "[[0.61728395 0.2962963  0.08641975]\n",
      " [0.61728395 0.2962963  0.08641975]\n",
      " [0.61728395 0.2962963  0.08641975]]\n",
      "------------------ 34\n",
      "\n",
      "la matriz estable es: \n",
      " [[0.6173 0.2963 0.0864]\n",
      " [0.6173 0.2963 0.0864]\n",
      " [0.6173 0.2963 0.0864]]\n",
      "[[0.61728395 0.2962963  0.08641975]\n",
      " [0.61728395 0.2962963  0.08641975]\n",
      " [0.61728395 0.2962963  0.08641975]]\n",
      "------------------ 35\n",
      "\n",
      "la matriz estable es: \n",
      " [[0.6173 0.2963 0.0864]\n",
      " [0.6173 0.2963 0.0864]\n",
      " [0.6173 0.2963 0.0864]]\n",
      "[[0.61728395 0.2962963  0.08641975]\n",
      " [0.61728395 0.2962963  0.08641975]\n",
      " [0.61728395 0.2962963  0.08641975]]\n",
      "------------------ 36\n",
      "\n",
      "la matriz estable es: \n",
      " [[0.6173 0.2963 0.0864]\n",
      " [0.6173 0.2963 0.0864]\n",
      " [0.6173 0.2963 0.0864]]\n",
      "[[0.61728395 0.2962963  0.08641975]\n",
      " [0.61728395 0.2962963  0.08641975]\n",
      " [0.61728395 0.2962963  0.08641975]]\n",
      "------------------ 37\n",
      "\n",
      "la matriz estable es: \n",
      " [[0.6173 0.2963 0.0864]\n",
      " [0.6173 0.2963 0.0864]\n",
      " [0.6173 0.2963 0.0864]]\n",
      "[[0.61728395 0.2962963  0.08641975]\n",
      " [0.61728395 0.2962963  0.08641975]\n",
      " [0.61728395 0.2962963  0.08641975]]\n",
      "------------------ 38\n",
      "\n",
      "la matriz estable es: \n",
      " [[0.6173 0.2963 0.0864]\n",
      " [0.6173 0.2963 0.0864]\n",
      " [0.6173 0.2963 0.0864]]\n",
      "[[0.61728395 0.2962963  0.08641975]\n",
      " [0.61728395 0.2962963  0.08641975]\n",
      " [0.61728395 0.2962963  0.08641975]]\n",
      "------------------ 39\n",
      "\n",
      "la matriz estable es: \n",
      " [[0.6173 0.2963 0.0864]\n",
      " [0.6173 0.2963 0.0864]\n",
      " [0.6173 0.2963 0.0864]]\n",
      "[[0.61728395 0.2962963  0.08641975]\n",
      " [0.61728395 0.2962963  0.08641975]\n",
      " [0.61728395 0.2962963  0.08641975]]\n",
      "------------------ 40\n",
      "\n",
      "la matriz estable es: \n",
      " [[0.6173 0.2963 0.0864]\n",
      " [0.6173 0.2963 0.0864]\n",
      " [0.6173 0.2963 0.0864]]\n",
      "[[0.61728395 0.2962963  0.08641975]\n",
      " [0.61728395 0.2962963  0.08641975]\n",
      " [0.61728395 0.2962963  0.08641975]]\n",
      "------------------ 41\n",
      "\n",
      "la matriz estable es: \n",
      " [[0.6173 0.2963 0.0864]\n",
      " [0.6173 0.2963 0.0864]\n",
      " [0.6173 0.2963 0.0864]]\n",
      "[[0.61728395 0.2962963  0.08641975]\n",
      " [0.61728395 0.2962963  0.08641975]\n",
      " [0.61728395 0.2962963  0.08641975]]\n",
      "------------------ 42\n",
      "\n",
      "la matriz estable es: \n",
      " [[0.6173 0.2963 0.0864]\n",
      " [0.6173 0.2963 0.0864]\n",
      " [0.6173 0.2963 0.0864]]\n",
      "[[0.61728395 0.2962963  0.08641975]\n",
      " [0.61728395 0.2962963  0.08641975]\n",
      " [0.61728395 0.2962963  0.08641975]]\n",
      "------------------ 43\n",
      "\n",
      "la matriz estable es: \n",
      " [[0.6173 0.2963 0.0864]\n",
      " [0.6173 0.2963 0.0864]\n",
      " [0.6173 0.2963 0.0864]]\n",
      "[[0.61728395 0.2962963  0.08641975]\n",
      " [0.61728395 0.2962963  0.08641975]\n",
      " [0.61728395 0.2962963  0.08641975]]\n",
      "------------------ 44\n",
      "\n",
      "la matriz estable es: \n",
      " [[0.6173 0.2963 0.0864]\n",
      " [0.6173 0.2963 0.0864]\n",
      " [0.6173 0.2963 0.0864]]\n",
      "[[0.61728395 0.2962963  0.08641975]\n",
      " [0.61728395 0.2962963  0.08641975]\n",
      " [0.61728395 0.2962963  0.08641975]]\n",
      "------------------ 45\n",
      "\n",
      "la matriz estable es: \n",
      " [[0.6173 0.2963 0.0864]\n",
      " [0.6173 0.2963 0.0864]\n",
      " [0.6173 0.2963 0.0864]]\n",
      "[[0.61728395 0.2962963  0.08641975]\n",
      " [0.61728395 0.2962963  0.08641975]\n",
      " [0.61728395 0.2962963  0.08641975]]\n",
      "------------------ 46\n",
      "\n",
      "la matriz estable es: \n",
      " [[0.6173 0.2963 0.0864]\n",
      " [0.6173 0.2963 0.0864]\n",
      " [0.6173 0.2963 0.0864]]\n",
      "[[0.61728395 0.2962963  0.08641975]\n",
      " [0.61728395 0.2962963  0.08641975]\n",
      " [0.61728395 0.2962963  0.08641975]]\n",
      "------------------ 47\n",
      "\n",
      "la matriz estable es: \n",
      " [[0.6173 0.2963 0.0864]\n",
      " [0.6173 0.2963 0.0864]\n",
      " [0.6173 0.2963 0.0864]]\n",
      "[[0.61728395 0.2962963  0.08641975]\n",
      " [0.61728395 0.2962963  0.08641975]\n",
      " [0.61728395 0.2962963  0.08641975]]\n",
      "------------------ 48\n",
      "\n",
      "la matriz estable es: \n",
      " [[0.6173 0.2963 0.0864]\n",
      " [0.6173 0.2963 0.0864]\n",
      " [0.6173 0.2963 0.0864]]\n",
      "[[0.61728395 0.2962963  0.08641975]\n",
      " [0.61728395 0.2962963  0.08641975]\n",
      " [0.61728395 0.2962963  0.08641975]]\n",
      "------------------ 49\n",
      "\n",
      "la matriz estable es: \n",
      " [[0.6173 0.2963 0.0864]\n",
      " [0.6173 0.2963 0.0864]\n",
      " [0.6173 0.2963 0.0864]]\n",
      "[[0.61728395 0.2962963  0.08641975]\n",
      " [0.61728395 0.2962963  0.08641975]\n",
      " [0.61728395 0.2962963  0.08641975]]\n",
      "------------------ 50\n",
      "\n",
      "la matriz estable es: \n",
      " [[0.6173 0.2963 0.0864]\n",
      " [0.6173 0.2963 0.0864]\n",
      " [0.6173 0.2963 0.0864]]\n",
      "[[0.61728395 0.2962963  0.08641975]\n",
      " [0.61728395 0.2962963  0.08641975]\n",
      " [0.61728395 0.2962963  0.08641975]]\n",
      "------------------ 51\n",
      "\n",
      "la matriz estable es: \n",
      " [[0.6173 0.2963 0.0864]\n",
      " [0.6173 0.2963 0.0864]\n",
      " [0.6173 0.2963 0.0864]]\n",
      "[[0.61728395 0.2962963  0.08641975]\n",
      " [0.61728395 0.2962963  0.08641975]\n",
      " [0.61728395 0.2962963  0.08641975]]\n",
      "------------------ 52\n",
      "\n",
      "la matriz estable es: \n",
      " [[0.6173 0.2963 0.0864]\n",
      " [0.6173 0.2963 0.0864]\n",
      " [0.6173 0.2963 0.0864]]\n",
      "[[0.61728395 0.2962963  0.08641975]\n",
      " [0.61728395 0.2962963  0.08641975]\n",
      " [0.61728395 0.2962963  0.08641975]]\n",
      "Distribucion estable estacionaria en %\n",
      "funcionando:61.73\n",
      "mantenimiento:29.63\n",
      "averiado:8.64\n"
     ]
    }
   ],
   "source": [
    "#detectar matriz estable\n",
    "for i in range(100):\n",
    "    if i == 0:\n",
    "        m_aux = np.dot(m1, m1)\n",
    "        print(m_aux)\n",
    "        print(\"1------------------\", i + 1)\n",
    "    else:\n",
    "        y = i+1\n",
    "        m_aux_anterior = m_aux\n",
    "        m_aux = np.dot(m_aux, m1)\n",
    "        print(m_aux)\n",
    "        if (np.array_equal(m_aux, m_aux_anterior)):\n",
    "            break\n",
    "        print(\"------------------\", i+1)\n",
    "        print()\n",
    "        print(\"la matriz estable es: \\n\" ,np.round(m_aux,4))\n",
    "\n",
    "vector_estable = np.round(m_aux[0],4)\n",
    "#convertir a porcentaje\n",
    "porcentajes = vector_estable * 100\n",
    "print(\"Distribucion estable estacionaria en %\")\n",
    "print(f\"funcionando:{porcentajes[0,0]:.2f}\")\n",
    "print(f\"mantenimiento:{porcentajes[0,1]:.2f}\")\n",
    "print(f\"averiado:{porcentajes[0,2]:.2f}\")"
   ]
  }
 ],
 "metadata": {
  "kernelspec": {
   "display_name": "Python 3",
   "language": "python",
   "name": "python3"
  },
  "language_info": {
   "codemirror_mode": {
    "name": "ipython",
    "version": 3
   },
   "file_extension": ".py",
   "mimetype": "text/x-python",
   "name": "python",
   "nbconvert_exporter": "python",
   "pygments_lexer": "ipython3",
   "version": "3.11.9"
  }
 },
 "nbformat": 4,
 "nbformat_minor": 5
}
