{
 "cells": [
  {
   "cell_type": "code",
   "execution_count": 53,
   "id": "c10ab5e2",
   "metadata": {},
   "outputs": [
    {
     "data": {
      "text/plain": [
       "matrix([[0.97, 0.02, 0.01],\n",
       "        [0.6 , 0.3 , 0.1 ],\n",
       "        [0.2 , 0.1 , 0.7 ]])"
      ]
     },
     "execution_count": 53,
     "metadata": {},
     "output_type": "execute_result"
    }
   ],
   "source": [
    "#ejemplo de matriz 3x3, determinar la estable\n",
    "import numpy as np\n",
    "m1 = np.matrix([[0.97, 0.02, 0.01], [0.6, 0.3, 0.1], [0.2,0.1,0.7]])\n",
    "m1"
   ]
  },
  {
   "cell_type": "code",
   "execution_count": 54,
   "id": "d82fc7b7",
   "metadata": {},
   "outputs": [],
   "source": [
    "m_aux = np.matrix([[], []])\n",
    "m_aux_anterior = np.matrix([[], []])"
   ]
  },
  {
   "cell_type": "code",
   "execution_count": 55,
   "id": "286cb230",
   "metadata": {},
   "outputs": [
    {
     "name": "stdout",
     "output_type": "stream",
     "text": [
      "[[0.9549 0.0264 0.0187]\n",
      " [0.782  0.112  0.106 ]\n",
      " [0.394  0.104  0.502 ]]\n",
      "1------------------ 1\n",
      "[[0.945833 0.028888 0.025279]\n",
      " [0.84694  0.05984  0.09322 ]\n",
      " [0.54498  0.08928  0.36574 ]]\n",
      "------------------ 2\n",
      "\n",
      "la matriz estable es: \n",
      " [[0.9458 0.0289 0.0253]\n",
      " [0.8469 0.0598 0.0932]\n",
      " [0.545  0.0893 0.3657]]\n",
      "[[0.93984661 0.03011096 0.03004243]\n",
      " [0.8760798  0.0442128  0.0797074 ]\n",
      " [0.6553466  0.0742576  0.2703958 ]]\n",
      "------------------ 3\n",
      "\n",
      "la matriz estable es: \n",
      " [[0.9398 0.0301 0.03  ]\n",
      " [0.8761 0.0442 0.0797]\n",
      " [0.6553 0.0743 0.2704]]\n",
      "[[0.93572627 0.03083446 0.03343926]\n",
      " [0.89226657 0.03875618 0.06897726]\n",
      " [0.73431992 0.06242379 0.20325629]]\n",
      "------------------ 4\n",
      "\n",
      "la matriz estable es: \n",
      " [[0.9357 0.0308 0.0334]\n",
      " [0.8923 0.0388 0.069 ]\n",
      " [0.7343 0.0624 0.2033]]\n",
      "[[0.93284302 0.03130879 0.03584819]\n",
      " [0.90254773 0.03636991 0.06108236]\n",
      " [0.79039586 0.05373916 0.15586498]]\n",
      "------------------ 5\n",
      "\n",
      "la matriz estable es: \n",
      " [[0.9328 0.0313 0.0358]\n",
      " [0.9025 0.0364 0.0611]\n",
      " [0.7904 0.0537 0.1559]]\n",
      "[[0.93081264 0.03163432 0.03755304]\n",
      " [0.90950971 0.03507016 0.05542012]\n",
      " [0.83010048 0.04751616 0.12238336]]\n",
      "------------------ 6\n",
      "\n",
      "la matriz estable es: \n",
      " [[0.9308 0.0316 0.0376]\n",
      " [0.9095 0.0351 0.0554]\n",
      " [0.8301 0.0475 0.1224]]\n",
      "[[0.92937946 0.03186185 0.03875869]\n",
      " [0.91435054 0.03425326 0.0513962 ]\n",
      " [0.85818383 0.04309519 0.09872097]]\n",
      "------------------ 7\n",
      "\n",
      "la matriz estable es: \n",
      " [[0.9294 0.0319 0.0388]\n",
      " [0.9144 0.0343 0.0514]\n",
      " [0.8582 0.0431 0.0987]]\n",
      "[[0.92836692 0.03202201 0.03961106]\n",
      " [0.91775122 0.03370261 0.04854617]\n",
      " [0.87803963 0.03996433 0.08199604]]\n",
      "------------------ 8\n",
      "\n",
      "la matriz estable es: \n",
      " [[0.9284 0.032  0.0396]\n",
      " [0.9178 0.0337 0.0485]\n",
      " [0.878  0.04   0.082 ]]\n",
      "[[0.92765134 0.03213505 0.04021361]\n",
      " [0.92014948 0.03332042 0.04653009]\n",
      " [0.89207625 0.0377497  0.07017406]]\n",
      "------------------ 9\n",
      "\n",
      "la matriz estable es: \n",
      " [[0.9277 0.0321 0.0402]\n",
      " [0.9201 0.0333 0.0465]\n",
      " [0.8921 0.0377 0.0702]]\n",
      "[[0.92714555 0.0322149  0.04063955]\n",
      " [0.92184327 0.03305213 0.0451046 ]\n",
      " [0.90199859 0.03618384 0.06181757]]\n",
      "------------------ 10\n",
      "\n",
      "la matriz estable es: \n",
      " [[0.9271 0.0322 0.0406]\n",
      " [0.9218 0.0331 0.0451]\n",
      " [0.902  0.0362 0.0618]]\n",
      "[[0.92678803 0.03227134 0.04094063]\n",
      " [0.92304017 0.03286296 0.04409687]\n",
      " [0.90901245 0.03507688 0.05591067]]\n",
      "------------------ 11\n",
      "\n",
      "la matriz estable es: \n",
      " [[0.9268 0.0323 0.0409]\n",
      " [0.923  0.0329 0.0441]\n",
      " [0.909  0.0351 0.0559]]\n",
      "[[0.92653532 0.03231122 0.04115345]\n",
      " [0.92388612 0.03272938 0.0433845 ]\n",
      " [0.91397034 0.03429438 0.05173528]]\n",
      "------------------ 12\n",
      "\n",
      "la matriz estable es: \n",
      " [[0.9265 0.0323 0.0412]\n",
      " [0.9239 0.0327 0.0434]\n",
      " [0.914  0.0343 0.0517]]\n",
      "[[0.92635669 0.03233942 0.04130389]\n",
      " [0.92448406 0.03263499 0.04288095]\n",
      " [0.91747491 0.03374125 0.04878384]]\n",
      "------------------ 13\n",
      "\n",
      "la matriz estable es: \n",
      " [[0.9264 0.0323 0.0413]\n",
      " [0.9245 0.0326 0.0429]\n",
      " [0.9175 0.0337 0.0488]]\n",
      "[[0.92623042 0.03235935 0.04141023]\n",
      " [0.92490672 0.03256827 0.04252501]\n",
      " [0.91995218 0.03335026 0.04669756]]\n",
      "------------------ 14\n",
      "\n",
      "la matriz estable es: \n",
      " [[0.9262 0.0324 0.0414]\n",
      " [0.9249 0.0326 0.0425]\n",
      " [0.92   0.0334 0.0467]]\n",
      "[[0.92614116 0.03237344 0.0414854 ]\n",
      " [0.92520548 0.03252112 0.0422734 ]\n",
      " [0.92170328 0.03307388 0.04522284]]\n",
      "------------------ 15\n",
      "\n",
      "la matriz estable es: \n",
      " [[0.9261 0.0324 0.0415]\n",
      " [0.9252 0.0325 0.0423]\n",
      " [0.9217 0.0331 0.0452]]\n",
      "[[0.92607807 0.03238339 0.04153854]\n",
      " [0.92541667 0.03248778 0.04209555]\n",
      " [0.92294108 0.03287851 0.04418041]]\n",
      "------------------ 16\n",
      "\n",
      "la matriz estable es: \n",
      " [[0.9261 0.0324 0.0415]\n",
      " [0.9254 0.0325 0.0421]\n",
      " [0.9229 0.0329 0.0442]]\n",
      "[[0.92603347 0.03239043 0.0415761 ]\n",
      " [0.92556595 0.03246422 0.04196983]\n",
      " [0.92381604 0.03274042 0.04344355]]\n",
      "------------------ 17\n",
      "\n",
      "la matriz estable es: \n",
      " [[0.926  0.0324 0.0416]\n",
      " [0.9256 0.0325 0.042 ]\n",
      " [0.9238 0.0327 0.0434]]\n",
      "[[0.92600195 0.03239541 0.04160265]\n",
      " [0.92567147 0.03244757 0.04188096]\n",
      " [0.92443451 0.0326428  0.04292269]]\n",
      "------------------ 18\n",
      "\n",
      "la matriz estable es: \n",
      " [[0.926  0.0324 0.0416]\n",
      " [0.9257 0.0324 0.0419]\n",
      " [0.9244 0.0326 0.0429]]\n",
      "[[0.92597966 0.03239893 0.04162141]\n",
      " [0.92574606 0.0324358  0.04181814]\n",
      " [0.9248717  0.0325738  0.04255451]]\n",
      "------------------ 19\n",
      "\n",
      "la matriz estable es: \n",
      " [[0.926  0.0324 0.0416]\n",
      " [0.9257 0.0324 0.0418]\n",
      " [0.9249 0.0326 0.0426]]\n",
      "[[0.92596391 0.03240141 0.04163468]\n",
      " [0.92579878 0.03242747 0.04177374]\n",
      " [0.92518073 0.03252502 0.04229425]]\n",
      "------------------ 20\n",
      "\n",
      "la matriz estable es: \n",
      " [[0.926  0.0324 0.0416]\n",
      " [0.9258 0.0324 0.0418]\n",
      " [0.9252 0.0325 0.0423]]\n",
      "[[0.92595278 0.03240317 0.04164405]\n",
      " [0.92583605 0.03242159 0.04174235]\n",
      " [0.92539917 0.03249055 0.04211028]]\n",
      "------------------ 21\n",
      "\n",
      "la matriz estable es: \n",
      " [[0.926  0.0324 0.0416]\n",
      " [0.9258 0.0324 0.0417]\n",
      " [0.9254 0.0325 0.0421]]\n",
      "[[0.92594491 0.03240441 0.04165068]\n",
      " [0.9258624  0.03241743 0.04172017]\n",
      " [0.92555358 0.03246618 0.04198025]]\n",
      "------------------ 22\n",
      "\n",
      "la matriz estable es: \n",
      " [[0.9259 0.0324 0.0417]\n",
      " [0.9259 0.0324 0.0417]\n",
      " [0.9256 0.0325 0.042 ]]\n",
      "[[0.92593934 0.03240529 0.04165537]\n",
      " [0.92588102 0.03241449 0.04170448]\n",
      " [0.92566273 0.03244895 0.04188833]]\n",
      "------------------ 23\n",
      "\n",
      "la matriz estable es: \n",
      " [[0.9259 0.0324 0.0417]\n",
      " [0.9259 0.0324 0.0417]\n",
      " [0.9257 0.0324 0.0419]]\n",
      "[[0.92593541 0.03240591 0.04165868]\n",
      " [0.92589418 0.03241242 0.0416934 ]\n",
      " [0.92573988 0.03243677 0.04182335]]\n",
      "------------------ 24\n",
      "\n",
      "la matriz estable es: \n",
      " [[0.9259 0.0324 0.0417]\n",
      " [0.9259 0.0324 0.0417]\n",
      " [0.9257 0.0324 0.0418]]\n",
      "[[0.92593263 0.03240635 0.04166102]\n",
      " [0.92590349 0.03241095 0.04168556]\n",
      " [0.92579441 0.03242816 0.04177742]]\n",
      "------------------ 25\n",
      "\n",
      "la matriz estable es: \n",
      " [[0.9259 0.0324 0.0417]\n",
      " [0.9259 0.0324 0.0417]\n",
      " [0.9258 0.0324 0.0418]]\n",
      "[[0.92593066 0.03240666 0.04166268]\n",
      " [0.92591007 0.03240991 0.04168002]\n",
      " [0.92583297 0.03242208 0.04174496]]\n",
      "------------------ 26\n",
      "\n",
      "la matriz estable es: \n",
      " [[0.9259 0.0324 0.0417]\n",
      " [0.9259 0.0324 0.0417]\n",
      " [0.9258 0.0324 0.0417]]\n",
      "[[0.92592928 0.03240688 0.04166385]\n",
      " [0.92591471 0.03240918 0.04167611]\n",
      " [0.92586022 0.03241778 0.04172201]]\n",
      "------------------ 27\n",
      "\n",
      "la matriz estable es: \n",
      " [[0.9259 0.0324 0.0417]\n",
      " [0.9259 0.0324 0.0417]\n",
      " [0.9259 0.0324 0.0417]]\n",
      "[[0.92592829 0.03240703 0.04166467]\n",
      " [0.925918   0.03240866 0.04167334]\n",
      " [0.92587948 0.03241474 0.04170578]]\n",
      "------------------ 28\n",
      "\n",
      "la matriz estable es: \n",
      " [[0.9259 0.0324 0.0417]\n",
      " [0.9259 0.0324 0.0417]\n",
      " [0.9259 0.0324 0.0417]]\n",
      "[[0.9259276  0.03240714 0.04166526]\n",
      " [0.92592032 0.03240829 0.04167138]\n",
      " [0.92589309 0.03241259 0.04169432]]\n",
      "------------------ 29\n",
      "\n",
      "la matriz estable es: \n",
      " [[0.9259 0.0324 0.0417]\n",
      " [0.9259 0.0324 0.0417]\n",
      " [0.9259 0.0324 0.0417]]\n",
      "[[0.92592711 0.03240722 0.04166567]\n",
      " [0.92592197 0.03240803 0.04167   ]\n",
      " [0.92590272 0.03241107 0.04168621]]\n",
      "------------------ 30\n",
      "\n",
      "la matriz estable es: \n",
      " [[0.9259 0.0324 0.0417]\n",
      " [0.9259 0.0324 0.0417]\n",
      " [0.9259 0.0324 0.0417]]\n",
      "[[0.92592676 0.03240728 0.04166596]\n",
      " [0.92592313 0.03240785 0.04166902]\n",
      " [0.92590952 0.03241    0.04168048]]\n",
      "------------------ 31\n",
      "\n",
      "la matriz estable es: \n",
      " [[0.9259 0.0324 0.0417]\n",
      " [0.9259 0.0324 0.0417]\n",
      " [0.9259 0.0324 0.0417]]\n",
      "[[0.92592652 0.03240731 0.04166617]\n",
      " [0.92592395 0.03240772 0.04166833]\n",
      " [0.92591433 0.03240924 0.04167643]]\n",
      "------------------ 32\n",
      "\n",
      "la matriz estable es: \n",
      " [[0.9259 0.0324 0.0417]\n",
      " [0.9259 0.0324 0.0417]\n",
      " [0.9259 0.0324 0.0417]]\n",
      "[[0.92592634 0.03240734 0.04166631]\n",
      " [0.92592453 0.03240763 0.04166784]\n",
      " [0.92591773 0.0324087  0.04167357]]\n",
      "------------------ 33\n",
      "\n",
      "la matriz estable es: \n",
      " [[0.9259 0.0324 0.0417]\n",
      " [0.9259 0.0324 0.0417]\n",
      " [0.9259 0.0324 0.0417]]\n",
      "[[0.92592622 0.03240736 0.04166642]\n",
      " [0.92592494 0.03240756 0.0416675 ]\n",
      " [0.92592013 0.03240832 0.04167155]]\n",
      "------------------ 34\n",
      "\n",
      "la matriz estable es: \n",
      " [[0.9259 0.0324 0.0417]\n",
      " [0.9259 0.0324 0.0417]\n",
      " [0.9259 0.0324 0.0417]]\n",
      "[[0.92592613 0.03240737 0.04166649]\n",
      " [0.92592523 0.03240752 0.04166726]\n",
      " [0.92592183 0.03240805 0.04167012]]\n",
      "------------------ 35\n",
      "\n",
      "la matriz estable es: \n",
      " [[0.9259 0.0324 0.0417]\n",
      " [0.9259 0.0324 0.0417]\n",
      " [0.9259 0.0324 0.0417]]\n",
      "[[0.92592607 0.03240738 0.04166654]\n",
      " [0.92592543 0.03240749 0.04166708]\n",
      " [0.92592303 0.03240786 0.0416691 ]]\n",
      "------------------ 36\n",
      "\n",
      "la matriz estable es: \n",
      " [[0.9259 0.0324 0.0417]\n",
      " [0.9259 0.0324 0.0417]\n",
      " [0.9259 0.0324 0.0417]]\n",
      "[[0.92592603 0.03240739 0.04166658]\n",
      " [0.92592558 0.03240746 0.04166696]\n",
      " [0.92592388 0.03240773 0.04166839]]\n",
      "------------------ 37\n",
      "\n",
      "la matriz estable es: \n",
      " [[0.9259 0.0324 0.0417]\n",
      " [0.9259 0.0324 0.0417]\n",
      " [0.9259 0.0324 0.0417]]\n",
      "[[0.925926   0.0324074  0.0416666 ]\n",
      " [0.92592568 0.03240745 0.04166687]\n",
      " [0.92592448 0.03240764 0.04166788]]\n",
      "------------------ 38\n",
      "\n",
      "la matriz estable es: \n",
      " [[0.9259 0.0324 0.0417]\n",
      " [0.9259 0.0324 0.0417]\n",
      " [0.9259 0.0324 0.0417]]\n",
      "[[0.92592598 0.0324074  0.04166662]\n",
      " [0.92592575 0.03240743 0.04166681]\n",
      " [0.9259249  0.03240757 0.04166753]]\n",
      "------------------ 39\n",
      "\n",
      "la matriz estable es: \n",
      " [[0.9259 0.0324 0.0417]\n",
      " [0.9259 0.0324 0.0417]\n",
      " [0.9259 0.0324 0.0417]]\n",
      "[[0.92592596 0.0324074  0.04166664]\n",
      " [0.9259258  0.03240743 0.04166677]\n",
      " [0.9259252  0.03240752 0.04166728]]\n",
      "------------------ 40\n",
      "\n",
      "la matriz estable es: \n",
      " [[0.9259 0.0324 0.0417]\n",
      " [0.9259 0.0324 0.0417]\n",
      " [0.9259 0.0324 0.0417]]\n",
      "[[0.92592595 0.0324074  0.04166664]\n",
      " [0.92592584 0.03240742 0.04166674]\n",
      " [0.92592541 0.03240749 0.0416671 ]]\n",
      "------------------ 41\n",
      "\n",
      "la matriz estable es: \n",
      " [[0.9259 0.0324 0.0417]\n",
      " [0.9259 0.0324 0.0417]\n",
      " [0.9259 0.0324 0.0417]]\n",
      "[[0.92592594 0.0324074  0.04166665]\n",
      " [0.92592586 0.03240742 0.04166672]\n",
      " [0.92592556 0.03240746 0.04166697]]\n",
      "------------------ 42\n",
      "\n",
      "la matriz estable es: \n",
      " [[0.9259 0.0324 0.0417]\n",
      " [0.9259 0.0324 0.0417]\n",
      " [0.9259 0.0324 0.0417]]\n",
      "[[0.92592594 0.03240741 0.04166666]\n",
      " [0.92592588 0.03240741 0.0416667 ]\n",
      " [0.92592567 0.03240745 0.04166688]]\n",
      "------------------ 43\n",
      "\n",
      "la matriz estable es: \n",
      " [[0.9259 0.0324 0.0417]\n",
      " [0.9259 0.0324 0.0417]\n",
      " [0.9259 0.0324 0.0417]]\n",
      "[[0.92592594 0.03240741 0.04166666]\n",
      " [0.9259259  0.03240741 0.04166669]\n",
      " [0.92592575 0.03240744 0.04166682]]\n",
      "------------------ 44\n",
      "\n",
      "la matriz estable es: \n",
      " [[0.9259 0.0324 0.0417]\n",
      " [0.9259 0.0324 0.0417]\n",
      " [0.9259 0.0324 0.0417]]\n",
      "[[0.92592593 0.03240741 0.04166666]\n",
      " [0.9259259  0.03240741 0.04166668]\n",
      " [0.9259258  0.03240743 0.04166677]]\n",
      "------------------ 45\n",
      "\n",
      "la matriz estable es: \n",
      " [[0.9259 0.0324 0.0417]\n",
      " [0.9259 0.0324 0.0417]\n",
      " [0.9259 0.0324 0.0417]]\n",
      "[[0.92592593 0.03240741 0.04166666]\n",
      " [0.92592591 0.03240741 0.04166668]\n",
      " [0.92592584 0.03240742 0.04166674]]\n",
      "------------------ 46\n",
      "\n",
      "la matriz estable es: \n",
      " [[0.9259 0.0324 0.0417]\n",
      " [0.9259 0.0324 0.0417]\n",
      " [0.9259 0.0324 0.0417]]\n",
      "[[0.92592593 0.03240741 0.04166666]\n",
      " [0.92592592 0.03240741 0.04166668]\n",
      " [0.92592586 0.03240742 0.04166672]]\n",
      "------------------ 47\n",
      "\n",
      "la matriz estable es: \n",
      " [[0.9259 0.0324 0.0417]\n",
      " [0.9259 0.0324 0.0417]\n",
      " [0.9259 0.0324 0.0417]]\n",
      "[[0.92592593 0.03240741 0.04166666]\n",
      " [0.92592592 0.03240741 0.04166667]\n",
      " [0.92592588 0.03240741 0.0416667 ]]\n",
      "------------------ 48\n",
      "\n",
      "la matriz estable es: \n",
      " [[0.9259 0.0324 0.0417]\n",
      " [0.9259 0.0324 0.0417]\n",
      " [0.9259 0.0324 0.0417]]\n",
      "[[0.92592593 0.03240741 0.04166667]\n",
      " [0.92592592 0.03240741 0.04166667]\n",
      " [0.92592589 0.03240741 0.04166669]]\n",
      "------------------ 49\n",
      "\n",
      "la matriz estable es: \n",
      " [[0.9259 0.0324 0.0417]\n",
      " [0.9259 0.0324 0.0417]\n",
      " [0.9259 0.0324 0.0417]]\n",
      "[[0.92592593 0.03240741 0.04166667]\n",
      " [0.92592592 0.03240741 0.04166667]\n",
      " [0.9259259  0.03240741 0.04166669]]\n",
      "------------------ 50\n",
      "\n",
      "la matriz estable es: \n",
      " [[0.9259 0.0324 0.0417]\n",
      " [0.9259 0.0324 0.0417]\n",
      " [0.9259 0.0324 0.0417]]\n",
      "[[0.92592593 0.03240741 0.04166667]\n",
      " [0.92592592 0.03240741 0.04166667]\n",
      " [0.92592591 0.03240741 0.04166668]]\n",
      "------------------ 51\n",
      "\n",
      "la matriz estable es: \n",
      " [[0.9259 0.0324 0.0417]\n",
      " [0.9259 0.0324 0.0417]\n",
      " [0.9259 0.0324 0.0417]]\n",
      "[[0.92592593 0.03240741 0.04166667]\n",
      " [0.92592592 0.03240741 0.04166667]\n",
      " [0.92592591 0.03240741 0.04166668]]\n",
      "------------------ 52\n",
      "\n",
      "la matriz estable es: \n",
      " [[0.9259 0.0324 0.0417]\n",
      " [0.9259 0.0324 0.0417]\n",
      " [0.9259 0.0324 0.0417]]\n",
      "[[0.92592593 0.03240741 0.04166667]\n",
      " [0.92592592 0.03240741 0.04166667]\n",
      " [0.92592592 0.03240741 0.04166667]]\n",
      "------------------ 53\n",
      "\n",
      "la matriz estable es: \n",
      " [[0.9259 0.0324 0.0417]\n",
      " [0.9259 0.0324 0.0417]\n",
      " [0.9259 0.0324 0.0417]]\n",
      "[[0.92592593 0.03240741 0.04166667]\n",
      " [0.92592592 0.03240741 0.04166667]\n",
      " [0.92592592 0.03240741 0.04166667]]\n",
      "------------------ 54\n",
      "\n",
      "la matriz estable es: \n",
      " [[0.9259 0.0324 0.0417]\n",
      " [0.9259 0.0324 0.0417]\n",
      " [0.9259 0.0324 0.0417]]\n",
      "[[0.92592593 0.03240741 0.04166667]\n",
      " [0.92592593 0.03240741 0.04166667]\n",
      " [0.92592592 0.03240741 0.04166667]]\n",
      "------------------ 55\n",
      "\n",
      "la matriz estable es: \n",
      " [[0.9259 0.0324 0.0417]\n",
      " [0.9259 0.0324 0.0417]\n",
      " [0.9259 0.0324 0.0417]]\n",
      "[[0.92592593 0.03240741 0.04166667]\n",
      " [0.92592593 0.03240741 0.04166667]\n",
      " [0.92592592 0.03240741 0.04166667]]\n",
      "------------------ 56\n",
      "\n",
      "la matriz estable es: \n",
      " [[0.9259 0.0324 0.0417]\n",
      " [0.9259 0.0324 0.0417]\n",
      " [0.9259 0.0324 0.0417]]\n",
      "[[0.92592593 0.03240741 0.04166667]\n",
      " [0.92592593 0.03240741 0.04166667]\n",
      " [0.92592592 0.03240741 0.04166667]]\n",
      "------------------ 57\n",
      "\n",
      "la matriz estable es: \n",
      " [[0.9259 0.0324 0.0417]\n",
      " [0.9259 0.0324 0.0417]\n",
      " [0.9259 0.0324 0.0417]]\n",
      "[[0.92592593 0.03240741 0.04166667]\n",
      " [0.92592593 0.03240741 0.04166667]\n",
      " [0.92592592 0.03240741 0.04166667]]\n",
      "------------------ 58\n",
      "\n",
      "la matriz estable es: \n",
      " [[0.9259 0.0324 0.0417]\n",
      " [0.9259 0.0324 0.0417]\n",
      " [0.9259 0.0324 0.0417]]\n",
      "[[0.92592593 0.03240741 0.04166667]\n",
      " [0.92592593 0.03240741 0.04166667]\n",
      " [0.92592592 0.03240741 0.04166667]]\n",
      "------------------ 59\n",
      "\n",
      "la matriz estable es: \n",
      " [[0.9259 0.0324 0.0417]\n",
      " [0.9259 0.0324 0.0417]\n",
      " [0.9259 0.0324 0.0417]]\n",
      "[[0.92592593 0.03240741 0.04166667]\n",
      " [0.92592593 0.03240741 0.04166667]\n",
      " [0.92592593 0.03240741 0.04166667]]\n",
      "------------------ 60\n",
      "\n",
      "la matriz estable es: \n",
      " [[0.9259 0.0324 0.0417]\n",
      " [0.9259 0.0324 0.0417]\n",
      " [0.9259 0.0324 0.0417]]\n",
      "[[0.92592593 0.03240741 0.04166667]\n",
      " [0.92592593 0.03240741 0.04166667]\n",
      " [0.92592593 0.03240741 0.04166667]]\n",
      "------------------ 61\n",
      "\n",
      "la matriz estable es: \n",
      " [[0.9259 0.0324 0.0417]\n",
      " [0.9259 0.0324 0.0417]\n",
      " [0.9259 0.0324 0.0417]]\n",
      "[[0.92592593 0.03240741 0.04166667]\n",
      " [0.92592593 0.03240741 0.04166667]\n",
      " [0.92592593 0.03240741 0.04166667]]\n",
      "------------------ 62\n",
      "\n",
      "la matriz estable es: \n",
      " [[0.9259 0.0324 0.0417]\n",
      " [0.9259 0.0324 0.0417]\n",
      " [0.9259 0.0324 0.0417]]\n",
      "[[0.92592593 0.03240741 0.04166667]\n",
      " [0.92592593 0.03240741 0.04166667]\n",
      " [0.92592593 0.03240741 0.04166667]]\n",
      "------------------ 63\n",
      "\n",
      "la matriz estable es: \n",
      " [[0.9259 0.0324 0.0417]\n",
      " [0.9259 0.0324 0.0417]\n",
      " [0.9259 0.0324 0.0417]]\n",
      "[[0.92592593 0.03240741 0.04166667]\n",
      " [0.92592593 0.03240741 0.04166667]\n",
      " [0.92592593 0.03240741 0.04166667]]\n",
      "------------------ 64\n",
      "\n",
      "la matriz estable es: \n",
      " [[0.9259 0.0324 0.0417]\n",
      " [0.9259 0.0324 0.0417]\n",
      " [0.9259 0.0324 0.0417]]\n",
      "[[0.92592593 0.03240741 0.04166667]\n",
      " [0.92592593 0.03240741 0.04166667]\n",
      " [0.92592593 0.03240741 0.04166667]]\n",
      "------------------ 65\n",
      "\n",
      "la matriz estable es: \n",
      " [[0.9259 0.0324 0.0417]\n",
      " [0.9259 0.0324 0.0417]\n",
      " [0.9259 0.0324 0.0417]]\n",
      "[[0.92592593 0.03240741 0.04166667]\n",
      " [0.92592593 0.03240741 0.04166667]\n",
      " [0.92592593 0.03240741 0.04166667]]\n",
      "------------------ 66\n",
      "\n",
      "la matriz estable es: \n",
      " [[0.9259 0.0324 0.0417]\n",
      " [0.9259 0.0324 0.0417]\n",
      " [0.9259 0.0324 0.0417]]\n",
      "[[0.92592593 0.03240741 0.04166667]\n",
      " [0.92592593 0.03240741 0.04166667]\n",
      " [0.92592593 0.03240741 0.04166667]]\n",
      "------------------ 67\n",
      "\n",
      "la matriz estable es: \n",
      " [[0.9259 0.0324 0.0417]\n",
      " [0.9259 0.0324 0.0417]\n",
      " [0.9259 0.0324 0.0417]]\n",
      "[[0.92592593 0.03240741 0.04166667]\n",
      " [0.92592593 0.03240741 0.04166667]\n",
      " [0.92592593 0.03240741 0.04166667]]\n",
      "------------------ 68\n",
      "\n",
      "la matriz estable es: \n",
      " [[0.9259 0.0324 0.0417]\n",
      " [0.9259 0.0324 0.0417]\n",
      " [0.9259 0.0324 0.0417]]\n",
      "[[0.92592593 0.03240741 0.04166667]\n",
      " [0.92592593 0.03240741 0.04166667]\n",
      " [0.92592593 0.03240741 0.04166667]]\n",
      "------------------ 69\n",
      "\n",
      "la matriz estable es: \n",
      " [[0.9259 0.0324 0.0417]\n",
      " [0.9259 0.0324 0.0417]\n",
      " [0.9259 0.0324 0.0417]]\n",
      "[[0.92592593 0.03240741 0.04166667]\n",
      " [0.92592593 0.03240741 0.04166667]\n",
      " [0.92592593 0.03240741 0.04166667]]\n",
      "------------------ 70\n",
      "\n",
      "la matriz estable es: \n",
      " [[0.9259 0.0324 0.0417]\n",
      " [0.9259 0.0324 0.0417]\n",
      " [0.9259 0.0324 0.0417]]\n",
      "[[0.92592593 0.03240741 0.04166667]\n",
      " [0.92592593 0.03240741 0.04166667]\n",
      " [0.92592593 0.03240741 0.04166667]]\n",
      "------------------ 71\n",
      "\n",
      "la matriz estable es: \n",
      " [[0.9259 0.0324 0.0417]\n",
      " [0.9259 0.0324 0.0417]\n",
      " [0.9259 0.0324 0.0417]]\n",
      "[[0.92592593 0.03240741 0.04166667]\n",
      " [0.92592593 0.03240741 0.04166667]\n",
      " [0.92592593 0.03240741 0.04166667]]\n",
      "------------------ 72\n",
      "\n",
      "la matriz estable es: \n",
      " [[0.9259 0.0324 0.0417]\n",
      " [0.9259 0.0324 0.0417]\n",
      " [0.9259 0.0324 0.0417]]\n",
      "[[0.92592593 0.03240741 0.04166667]\n",
      " [0.92592593 0.03240741 0.04166667]\n",
      " [0.92592593 0.03240741 0.04166667]]\n",
      "------------------ 73\n",
      "\n",
      "la matriz estable es: \n",
      " [[0.9259 0.0324 0.0417]\n",
      " [0.9259 0.0324 0.0417]\n",
      " [0.9259 0.0324 0.0417]]\n",
      "[[0.92592593 0.03240741 0.04166667]\n",
      " [0.92592593 0.03240741 0.04166667]\n",
      " [0.92592593 0.03240741 0.04166667]]\n",
      "------------------ 74\n",
      "\n",
      "la matriz estable es: \n",
      " [[0.9259 0.0324 0.0417]\n",
      " [0.9259 0.0324 0.0417]\n",
      " [0.9259 0.0324 0.0417]]\n",
      "[[0.92592593 0.03240741 0.04166667]\n",
      " [0.92592593 0.03240741 0.04166667]\n",
      " [0.92592593 0.03240741 0.04166667]]\n",
      "------------------ 75\n",
      "\n",
      "la matriz estable es: \n",
      " [[0.9259 0.0324 0.0417]\n",
      " [0.9259 0.0324 0.0417]\n",
      " [0.9259 0.0324 0.0417]]\n",
      "[[0.92592593 0.03240741 0.04166667]\n",
      " [0.92592593 0.03240741 0.04166667]\n",
      " [0.92592593 0.03240741 0.04166667]]\n",
      "------------------ 76\n",
      "\n",
      "la matriz estable es: \n",
      " [[0.9259 0.0324 0.0417]\n",
      " [0.9259 0.0324 0.0417]\n",
      " [0.9259 0.0324 0.0417]]\n",
      "[[0.92592593 0.03240741 0.04166667]\n",
      " [0.92592593 0.03240741 0.04166667]\n",
      " [0.92592593 0.03240741 0.04166667]]\n",
      "------------------ 77\n",
      "\n",
      "la matriz estable es: \n",
      " [[0.9259 0.0324 0.0417]\n",
      " [0.9259 0.0324 0.0417]\n",
      " [0.9259 0.0324 0.0417]]\n",
      "[[0.92592593 0.03240741 0.04166667]\n",
      " [0.92592593 0.03240741 0.04166667]\n",
      " [0.92592593 0.03240741 0.04166667]]\n",
      "------------------ 78\n",
      "\n",
      "la matriz estable es: \n",
      " [[0.9259 0.0324 0.0417]\n",
      " [0.9259 0.0324 0.0417]\n",
      " [0.9259 0.0324 0.0417]]\n",
      "[[0.92592593 0.03240741 0.04166667]\n",
      " [0.92592593 0.03240741 0.04166667]\n",
      " [0.92592593 0.03240741 0.04166667]]\n",
      "------------------ 79\n",
      "\n",
      "la matriz estable es: \n",
      " [[0.9259 0.0324 0.0417]\n",
      " [0.9259 0.0324 0.0417]\n",
      " [0.9259 0.0324 0.0417]]\n",
      "[[0.92592593 0.03240741 0.04166667]\n",
      " [0.92592593 0.03240741 0.04166667]\n",
      " [0.92592593 0.03240741 0.04166667]]\n",
      "------------------ 80\n",
      "\n",
      "la matriz estable es: \n",
      " [[0.9259 0.0324 0.0417]\n",
      " [0.9259 0.0324 0.0417]\n",
      " [0.9259 0.0324 0.0417]]\n",
      "[[0.92592593 0.03240741 0.04166667]\n",
      " [0.92592593 0.03240741 0.04166667]\n",
      " [0.92592593 0.03240741 0.04166667]]\n",
      "------------------ 81\n",
      "\n",
      "la matriz estable es: \n",
      " [[0.9259 0.0324 0.0417]\n",
      " [0.9259 0.0324 0.0417]\n",
      " [0.9259 0.0324 0.0417]]\n",
      "[[0.92592593 0.03240741 0.04166667]\n",
      " [0.92592593 0.03240741 0.04166667]\n",
      " [0.92592593 0.03240741 0.04166667]]\n",
      "------------------ 82\n",
      "\n",
      "la matriz estable es: \n",
      " [[0.9259 0.0324 0.0417]\n",
      " [0.9259 0.0324 0.0417]\n",
      " [0.9259 0.0324 0.0417]]\n",
      "[[0.92592593 0.03240741 0.04166667]\n",
      " [0.92592593 0.03240741 0.04166667]\n",
      " [0.92592593 0.03240741 0.04166667]]\n",
      "------------------ 83\n",
      "\n",
      "la matriz estable es: \n",
      " [[0.9259 0.0324 0.0417]\n",
      " [0.9259 0.0324 0.0417]\n",
      " [0.9259 0.0324 0.0417]]\n",
      "[[0.92592593 0.03240741 0.04166667]\n",
      " [0.92592593 0.03240741 0.04166667]\n",
      " [0.92592593 0.03240741 0.04166667]]\n",
      "------------------ 84\n",
      "\n",
      "la matriz estable es: \n",
      " [[0.9259 0.0324 0.0417]\n",
      " [0.9259 0.0324 0.0417]\n",
      " [0.9259 0.0324 0.0417]]\n",
      "[[0.92592593 0.03240741 0.04166667]\n",
      " [0.92592593 0.03240741 0.04166667]\n",
      " [0.92592593 0.03240741 0.04166667]]\n",
      "------------------ 85\n",
      "\n",
      "la matriz estable es: \n",
      " [[0.9259 0.0324 0.0417]\n",
      " [0.9259 0.0324 0.0417]\n",
      " [0.9259 0.0324 0.0417]]\n",
      "[[0.92592593 0.03240741 0.04166667]\n",
      " [0.92592593 0.03240741 0.04166667]\n",
      " [0.92592593 0.03240741 0.04166667]]\n",
      "------------------ 86\n",
      "\n",
      "la matriz estable es: \n",
      " [[0.9259 0.0324 0.0417]\n",
      " [0.9259 0.0324 0.0417]\n",
      " [0.9259 0.0324 0.0417]]\n",
      "[[0.92592593 0.03240741 0.04166667]\n",
      " [0.92592593 0.03240741 0.04166667]\n",
      " [0.92592593 0.03240741 0.04166667]]\n",
      "------------------ 87\n",
      "\n",
      "la matriz estable es: \n",
      " [[0.9259 0.0324 0.0417]\n",
      " [0.9259 0.0324 0.0417]\n",
      " [0.9259 0.0324 0.0417]]\n",
      "[[0.92592593 0.03240741 0.04166667]\n",
      " [0.92592593 0.03240741 0.04166667]\n",
      " [0.92592593 0.03240741 0.04166667]]\n",
      "------------------ 88\n",
      "\n",
      "la matriz estable es: \n",
      " [[0.9259 0.0324 0.0417]\n",
      " [0.9259 0.0324 0.0417]\n",
      " [0.9259 0.0324 0.0417]]\n",
      "[[0.92592593 0.03240741 0.04166667]\n",
      " [0.92592593 0.03240741 0.04166667]\n",
      " [0.92592593 0.03240741 0.04166667]]\n",
      "------------------ 89\n",
      "\n",
      "la matriz estable es: \n",
      " [[0.9259 0.0324 0.0417]\n",
      " [0.9259 0.0324 0.0417]\n",
      " [0.9259 0.0324 0.0417]]\n",
      "[[0.92592593 0.03240741 0.04166667]\n",
      " [0.92592593 0.03240741 0.04166667]\n",
      " [0.92592593 0.03240741 0.04166667]]\n",
      "------------------ 90\n",
      "\n",
      "la matriz estable es: \n",
      " [[0.9259 0.0324 0.0417]\n",
      " [0.9259 0.0324 0.0417]\n",
      " [0.9259 0.0324 0.0417]]\n",
      "[[0.92592593 0.03240741 0.04166667]\n",
      " [0.92592593 0.03240741 0.04166667]\n",
      " [0.92592593 0.03240741 0.04166667]]\n",
      "------------------ 91\n",
      "\n",
      "la matriz estable es: \n",
      " [[0.9259 0.0324 0.0417]\n",
      " [0.9259 0.0324 0.0417]\n",
      " [0.9259 0.0324 0.0417]]\n",
      "[[0.92592593 0.03240741 0.04166667]\n",
      " [0.92592593 0.03240741 0.04166667]\n",
      " [0.92592593 0.03240741 0.04166667]]\n",
      "------------------ 92\n",
      "\n",
      "la matriz estable es: \n",
      " [[0.9259 0.0324 0.0417]\n",
      " [0.9259 0.0324 0.0417]\n",
      " [0.9259 0.0324 0.0417]]\n",
      "[[0.92592593 0.03240741 0.04166667]\n",
      " [0.92592593 0.03240741 0.04166667]\n",
      " [0.92592593 0.03240741 0.04166667]]\n",
      "------------------ 93\n",
      "\n",
      "la matriz estable es: \n",
      " [[0.9259 0.0324 0.0417]\n",
      " [0.9259 0.0324 0.0417]\n",
      " [0.9259 0.0324 0.0417]]\n",
      "[[0.92592593 0.03240741 0.04166667]\n",
      " [0.92592593 0.03240741 0.04166667]\n",
      " [0.92592593 0.03240741 0.04166667]]\n",
      "------------------ 94\n",
      "\n",
      "la matriz estable es: \n",
      " [[0.9259 0.0324 0.0417]\n",
      " [0.9259 0.0324 0.0417]\n",
      " [0.9259 0.0324 0.0417]]\n",
      "[[0.92592593 0.03240741 0.04166667]\n",
      " [0.92592593 0.03240741 0.04166667]\n",
      " [0.92592593 0.03240741 0.04166667]]\n",
      "------------------ 95\n",
      "\n",
      "la matriz estable es: \n",
      " [[0.9259 0.0324 0.0417]\n",
      " [0.9259 0.0324 0.0417]\n",
      " [0.9259 0.0324 0.0417]]\n",
      "[[0.92592593 0.03240741 0.04166667]\n",
      " [0.92592593 0.03240741 0.04166667]\n",
      " [0.92592593 0.03240741 0.04166667]]\n",
      "------------------ 96\n",
      "\n",
      "la matriz estable es: \n",
      " [[0.9259 0.0324 0.0417]\n",
      " [0.9259 0.0324 0.0417]\n",
      " [0.9259 0.0324 0.0417]]\n",
      "[[0.92592593 0.03240741 0.04166667]\n",
      " [0.92592593 0.03240741 0.04166667]\n",
      " [0.92592593 0.03240741 0.04166667]]\n",
      "------------------ 97\n",
      "\n",
      "la matriz estable es: \n",
      " [[0.9259 0.0324 0.0417]\n",
      " [0.9259 0.0324 0.0417]\n",
      " [0.9259 0.0324 0.0417]]\n",
      "[[0.92592593 0.03240741 0.04166667]\n",
      " [0.92592593 0.03240741 0.04166667]\n",
      " [0.92592593 0.03240741 0.04166667]]\n",
      "------------------ 98\n",
      "\n",
      "la matriz estable es: \n",
      " [[0.9259 0.0324 0.0417]\n",
      " [0.9259 0.0324 0.0417]\n",
      " [0.9259 0.0324 0.0417]]\n",
      "[[0.92592593 0.03240741 0.04166667]\n",
      " [0.92592593 0.03240741 0.04166667]\n",
      " [0.92592593 0.03240741 0.04166667]]\n",
      "------------------ 99\n",
      "\n",
      "la matriz estable es: \n",
      " [[0.9259 0.0324 0.0417]\n",
      " [0.9259 0.0324 0.0417]\n",
      " [0.9259 0.0324 0.0417]]\n",
      "[[0.92592593 0.03240741 0.04166667]\n",
      " [0.92592593 0.03240741 0.04166667]\n",
      " [0.92592593 0.03240741 0.04166667]]\n",
      "------------------ 100\n",
      "\n",
      "la matriz estable es: \n",
      " [[0.9259 0.0324 0.0417]\n",
      " [0.9259 0.0324 0.0417]\n",
      " [0.9259 0.0324 0.0417]]\n"
     ]
    }
   ],
   "source": [
    "#detectar matriz estable\n",
    "for i in range(100):\n",
    "    if i == 0:\n",
    "        m_aux = np.dot(m1, m1)\n",
    "        print(m_aux)\n",
    "        print(\"1------------------\", i + 1)\n",
    "    else:\n",
    "        y = i+1\n",
    "        m_aux_anterior = m_aux\n",
    "        m_aux = np.dot(m_aux, m1)\n",
    "        print(m_aux)\n",
    "        if (np.array_equal(m_aux, m_aux_anterior)):\n",
    "            break\n",
    "        print(\"------------------\", i+1)\n",
    "        print()\n",
    "        print(\"la matriz estable es: \\n\" ,np.round(m_aux,4))"
   ]
  },
  {
   "cell_type": "code",
   "execution_count": 56,
   "id": "d8de0c56",
   "metadata": {},
   "outputs": [
    {
     "data": {
      "text/plain": [
       "array([[0.926, 0.032, 0.042],\n",
       "       [0.926, 0.032, 0.042],\n",
       "       [0.926, 0.032, 0.042]])"
      ]
     },
     "execution_count": 56,
     "metadata": {},
     "output_type": "execute_result"
    }
   ],
   "source": [
    "m_aux = np.round(m_aux, 3)\n",
    "m_aux"
   ]
  },
  {
   "cell_type": "code",
   "execution_count": 57,
   "id": "908fa286",
   "metadata": {},
   "outputs": [
    {
     "data": {
      "text/plain": [
       "matrix([[100,   0,   0]])"
      ]
     },
     "execution_count": 57,
     "metadata": {},
     "output_type": "execute_result"
    }
   ],
   "source": [
    "poblacion_inicial = np.matrix([[100,0,0]])\n",
    "poblacion_inicial"
   ]
  },
  {
   "cell_type": "code",
   "execution_count": 58,
   "id": "5b996637",
   "metadata": {},
   "outputs": [
    {
     "name": "stdout",
     "output_type": "stream",
     "text": [
      "Población inicial:----V0\n",
      "Poblacion principal\n",
      "---------------------------------- 1\n",
      "[[97.  2.  1.]]\n",
      "Poblacion se estabiliza en la iteración:  1\n",
      "[[95.49  2.64  1.87]]\n",
      "Poblacion se estabiliza en la iteración:  2\n",
      "[[94.58  2.89  2.53]]\n",
      "Poblacion se estabiliza en la iteración:  3\n",
      "[[93.98  3.01  3.01]]\n",
      "Poblacion se estabiliza en la iteración:  4\n",
      "[[93.57  3.08  3.35]]\n",
      "Poblacion se estabiliza en la iteración:  5\n",
      "[[93.28  3.13  3.59]]\n",
      "Poblacion se estabiliza en la iteración:  6\n",
      "[[93.08  3.16  3.76]]\n",
      "Poblacion se estabiliza en la iteración:  7\n",
      "[[92.94  3.19  3.88]]\n",
      "Poblacion se estabiliza en la iteración:  8\n",
      "[[92.84  3.2   3.96]]\n",
      "Poblacion se estabiliza en la iteración:  9\n",
      "[[92.77  3.21  4.02]]\n",
      "Poblacion se estabiliza en la iteración:  10\n",
      "[[92.72  3.22  4.06]]\n",
      "Poblacion se estabiliza en la iteración:  11\n",
      "[[92.68  3.23  4.09]]\n",
      "Poblacion se estabiliza en la iteración:  12\n",
      "[[92.66  3.23  4.11]]\n",
      "Poblacion se estabiliza en la iteración:  13\n",
      "[[92.64  3.23  4.13]]\n",
      "Poblacion se estabiliza en la iteración:  14\n",
      "[[92.62  3.23  4.14]]\n",
      "Poblacion se estabiliza en la iteración:  15\n",
      "[[92.61  3.24  4.15]]\n",
      "Poblacion se estabiliza en la iteración:  16\n",
      "[[92.61  3.24  4.16]]\n",
      "Poblacion se estabiliza en la iteración:  17\n",
      "Poblacion inicial y anterior son iguales\n",
      "--------------------------Numero de iteraciones:  17----------------------------------\n",
      "Poblacion Final:  [[93  3  4]]\n",
      "N -------------------------------------- 18\n"
     ]
    }
   ],
   "source": [
    "print(\"Población inicial:----V0\")\n",
    "for z in range(20):\n",
    "    if z == 0:\n",
    "        poblacion_inicial = np.dot(poblacion_inicial,m1)\n",
    "        poblacion_inicial = np.round(poblacion_inicial,2)\n",
    "        print(\"Poblacion principal\")\n",
    "        print(\"----------------------------------\",z+1)\n",
    "    else:\n",
    "        poblacion_anterior = poblacion_inicial\n",
    "        poblacion_inicial = np.dot(poblacion_inicial,m1)\n",
    "        poblacion_inicial = np.round(poblacion_inicial,2)\n",
    "        \n",
    "        if np.array_equal(poblacion_inicial,poblacion_anterior):\n",
    "            print(\"Poblacion inicial y anterior son iguales\")\n",
    "            print(\"--------------------------Numero de iteraciones: \",str(z)+\"----------------------------------\")\n",
    "            poblacion_inicial = np.round(poblacion_inicial,0)\n",
    "            poblacion_inicial = poblacion_inicial.astype(int)\n",
    "            print(\"Poblacion Final: \",poblacion_inicial)\n",
    "            print(\"N --------------------------------------\",z+1)\n",
    "            break\n",
    "    print(poblacion_inicial)\n",
    "    print(\"Poblacion se estabiliza en la iteración: \",z+1)"
   ]
  },
  {
   "cell_type": "code",
   "execution_count": 59,
   "id": "e45b7dca",
   "metadata": {},
   "outputs": [
    {
     "name": "stdout",
     "output_type": "stream",
     "text": [
      "Autos promedio en el taller:  7.4\n"
     ]
    }
   ],
   "source": [
    "#Resolver los cuestionamientos\n",
    "autos = 100\n",
    "autos_en_taller = autos * (m_aux[2,1]+m_aux[2,2])\n",
    "print(\"Autos promedio en el taller: \",np.round(autos_en_taller,1))"
   ]
  },
  {
   "cell_type": "code",
   "execution_count": 62,
   "id": "478552be",
   "metadata": {},
   "outputs": [
    {
     "name": "stdout",
     "output_type": "stream",
     "text": [
      "utilidad anual: 36.8\n",
      "utilidad anual: 13432\n"
     ]
    }
   ],
   "source": [
    "#calcular la utilidad\n",
    "utilidad = 50\n",
    "rep_men = 100\n",
    "rep_may = 150\n",
    "utilidad_general = (utilidad*(m_aux[2,0])) - (rep_men*(m_aux[2,1])) - (rep_may*(m_aux[2,2]))\n",
    "print(\"utilidad anual:\", utilidad_general)\n",
    "print(\"utilidad anual:\", round(utilidad_general*365))"
   ]
  }
 ],
 "metadata": {
  "kernelspec": {
   "display_name": "Python 3",
   "language": "python",
   "name": "python3"
  },
  "language_info": {
   "codemirror_mode": {
    "name": "ipython",
    "version": 3
   },
   "file_extension": ".py",
   "mimetype": "text/x-python",
   "name": "python",
   "nbconvert_exporter": "python",
   "pygments_lexer": "ipython3",
   "version": "3.11.9"
  }
 },
 "nbformat": 4,
 "nbformat_minor": 5
}
