{
 "cells": [
  {
   "cell_type": "markdown",
   "id": "11b07436",
   "metadata": {},
   "source": [
    "La cerveceria mas importante del mundo (GUINNESS), ha contratado a un analista de investigacion de operaciones, para analizar su pocision en el mercado. Estan preocupados, en especial por su mayor competidos (HEINEKEL). El analista piensa que el cambio de marca se puede modelar con una cadena de markov, incluyendo 3 estados; Los estados G y H representan a los clientes que beben cerveza producida por las mencionadas cervecerias y en el estado I representa a todas las demas marcas. Los datos se toman cada mes y el analista a construido la siguiente matriz de trancicion de datos historicos.\n",
    "\n",
    "[G = 0.7 0.2 0.1]\n",
    "[H = 0.2 0.75 0.05]\n",
    "[I = 0.1 0.1 0.8]\n",
    "\n",
    "cuales son los porcentajes de mercado en el estado estable para las dos cervezerias mas grandes?"
   ]
  },
  {
   "cell_type": "code",
   "execution_count": 1,
   "id": "ea8bbbf2",
   "metadata": {},
   "outputs": [
    {
     "data": {
      "text/plain": [
       "matrix([[0.7 , 0.2 , 0.1 ],\n",
       "        [0.2 , 0.75, 0.05],\n",
       "        [0.1 , 0.1 , 0.8 ]])"
      ]
     },
     "execution_count": 1,
     "metadata": {},
     "output_type": "execute_result"
    }
   ],
   "source": [
    "import numpy as np\n",
    "m1 = np.matrix([[0.7, 0.2, 0.1], [0.2, 0.75, 0.05], [0.1,0.1,0.8]])\n",
    "m1"
   ]
  },
  {
   "cell_type": "code",
   "execution_count": 2,
   "id": "f547d16a",
   "metadata": {},
   "outputs": [],
   "source": [
    "m_aux = np.matrix([[], []])\n",
    "m_aux_anterior = np.matrix([[], []])"
   ]
  },
  {
   "cell_type": "code",
   "execution_count": 3,
   "id": "a81dc9b7",
   "metadata": {},
   "outputs": [
    {
     "name": "stdout",
     "output_type": "stream",
     "text": [
      "[[0.54   0.3    0.16  ]\n",
      " [0.295  0.6075 0.0975]\n",
      " [0.17   0.175  0.655 ]]\n",
      "1------------------ 1\n",
      "[[0.454    0.349    0.197   ]\n",
      " [0.33775  0.524375 0.137875]\n",
      " [0.2195   0.23075  0.54975 ]]\n",
      "------------------ 2\n",
      "\n",
      "la matriz estable es: \n",
      " [[0.454  0.349  0.197 ]\n",
      " [0.3378 0.5244 0.1379]\n",
      " [0.2195 0.2308 0.5498]]\n",
      "[[0.4073     0.37225    0.22045   ]\n",
      " [0.3550875  0.47461875 0.17029375]\n",
      " [0.254775   0.2719375  0.4732875 ]]\n",
      "------------------ 3\n",
      "\n",
      "la matriz estable es: \n",
      " [[0.4073 0.3722 0.2204]\n",
      " [0.3551 0.4746 0.1703]\n",
      " [0.2548 0.2719 0.4733]]\n",
      "[[0.381605   0.3826925  0.2357025 ]\n",
      " [0.36051437 0.44401094 0.19547469]\n",
      " [0.28005875 0.30223688 0.41770438]]\n",
      "------------------ 4\n",
      "\n",
      "la matriz estable es: \n",
      " [[0.3816 0.3827 0.2357]\n",
      " [0.3605 0.444  0.1955]\n",
      " [0.2801 0.3022 0.4177]]\n",
      "[[0.36723225 0.38691062 0.24585713]\n",
      " [0.36070972 0.42465855 0.21463173]\n",
      " [0.29825894 0.32445984 0.37728122]]\n",
      "------------------ 5\n",
      "\n",
      "la matriz estable es: \n",
      " [[0.3672 0.3869 0.2459]\n",
      " [0.3607 0.4247 0.2146]\n",
      " [0.2983 0.3245 0.3773]]\n",
      "[[0.35903041 0.38821513 0.25275446]\n",
      " [0.35889169 0.41209903 0.22900929]\n",
      " [0.31140135 0.34072479 0.34787386]]\n",
      "------------------ 6\n",
      "\n",
      "la matriz estable es: \n",
      " [[0.359  0.3882 0.2528]\n",
      " [0.3589 0.4121 0.229 ]\n",
      " [0.3114 0.3407 0.3479]]\n",
      "[[0.35423976 0.38824288 0.25751736]\n",
      " [0.35654491 0.40375354 0.23970155]\n",
      " [0.32091329 0.35261125 0.32647546]]\n",
      "------------------ 7\n",
      "\n",
      "la matriz estable es: \n",
      " [[0.3542 0.3882 0.2575]\n",
      " [0.3565 0.4038 0.2397]\n",
      " [0.3209 0.3526 0.3265]]\n",
      "[[0.35136814 0.38778185 0.26085001]\n",
      " [0.3543023  0.39809429 0.24760341]\n",
      " [0.3278091  0.36128864 0.31090226]]\n",
      "------------------ 8\n",
      "\n",
      "la matriz estable es: \n",
      " [[0.3514 0.3878 0.2609]\n",
      " [0.3543 0.3981 0.2476]\n",
      " [0.3278 0.3613 0.3109]]\n",
      "[[0.34959907 0.38719501 0.26320591]\n",
      " [0.35239081 0.39419152 0.25341767]\n",
      " [0.33281432 0.36761853 0.29956715]]\n",
      "------------------ 9\n",
      "\n",
      "la matriz estable es: \n",
      " [[0.3496 0.3872 0.2632]\n",
      " [0.3524 0.3942 0.2534]\n",
      " [0.3328 0.3676 0.2996]]\n",
      "[[0.34847894 0.38663667 0.26488439]\n",
      " [0.35085364 0.39146357 0.25768279]\n",
      " [0.33645045 0.37223347 0.29131608]]\n",
      "------------------ 10\n",
      "\n",
      "la matriz estable es: \n",
      " [[0.3485 0.3866 0.2649]\n",
      " [0.3509 0.3915 0.2577]\n",
      " [0.3365 0.3722 0.2913]]\n",
      "[[0.34775103 0.38616173 0.26608724]\n",
      " [0.34965854 0.38953668 0.26080478]\n",
      " [0.33909362 0.3755968  0.28530958]]\n",
      "------------------ 11\n",
      "\n",
      "la matriz estable es: \n",
      " [[0.3478 0.3862 0.2661]\n",
      " [0.3497 0.3895 0.2608]\n",
      " [0.3391 0.3756 0.2853]]\n",
      "[[0.34726679 0.38578023 0.26695298]\n",
      " [0.34874879 0.3881647  0.26308651]\n",
      " [0.34101585 0.37804728 0.28093687]]\n",
      "------------------ 12\n",
      "\n",
      "la matriz estable es: \n",
      " [[0.3473 0.3858 0.267 ]\n",
      " [0.3487 0.3882 0.2631]\n",
      " [0.341  0.378  0.2809]]\n",
      "[[0.3469381  0.38548383 0.26757808]\n",
      " [0.34806575 0.38718193 0.26475232]\n",
      " [0.34241424 0.37983232 0.27775344]]\n",
      "------------------ 13\n",
      "\n",
      "la matriz estable es: \n",
      " [[0.3469 0.3855 0.2676]\n",
      " [0.3481 0.3872 0.2648]\n",
      " [0.3424 0.3798 0.2778]]\n",
      "[[0.34671124 0.3852583  0.26803046]\n",
      " [0.34755764 0.38647483 0.26596753]\n",
      " [0.34343177 0.38113243 0.27543579]]\n",
      "------------------ 14\n",
      "\n",
      "la matriz estable es: \n",
      " [[0.3467 0.3853 0.268 ]\n",
      " [0.3476 0.3865 0.266 ]\n",
      " [0.3434 0.3811 0.2754]]\n",
      "[[0.34655257 0.38508902 0.26835841]\n",
      " [0.34718207 0.3859644  0.26685353]\n",
      " [0.34417231 0.38207926 0.27374843]]\n",
      "------------------ 15\n",
      "\n",
      "la matriz estable es: \n",
      " [[0.3466 0.3851 0.2684]\n",
      " [0.3472 0.386  0.2669]\n",
      " [0.3442 0.3821 0.2737]]\n",
      "[[0.34644045 0.38496312 0.26859643]\n",
      " [0.34690568 0.38559507 0.26749925]\n",
      " [0.34471131 0.38276875 0.27251994]]\n",
      "------------------ 16\n",
      "\n",
      "la matriz estable es: \n",
      " [[0.3464 0.385  0.2686]\n",
      " [0.3469 0.3856 0.2675]\n",
      " [0.3447 0.3828 0.2725]]\n",
      "[[0.34636058 0.38487007 0.26876935]\n",
      " [0.34670292 0.38532736 0.26796972]\n",
      " [0.34510366 0.38327082 0.27162552]]\n",
      "------------------ 17\n",
      "\n",
      "la matriz estable es: \n",
      " [[0.3464 0.3849 0.2688]\n",
      " [0.3467 0.3853 0.268 ]\n",
      " [0.3451 0.3833 0.2716]]\n",
      "[[0.34630336 0.3848016  0.26889504]\n",
      " [0.34655449 0.38513308 0.26831244]\n",
      " [0.34538928 0.3836364  0.27097432]]\n",
      "------------------ 18\n",
      "\n",
      "la matriz estable es: \n",
      " [[0.3463 0.3848 0.2689]\n",
      " [0.3466 0.3851 0.2683]\n",
      " [0.3454 0.3836 0.271 ]]\n",
      "[[0.34626217 0.38475138 0.26898645]\n",
      " [0.346446   0.38499195 0.26856205]\n",
      " [0.34559721 0.38390259 0.27050021]]\n",
      "------------------ 19\n",
      "\n",
      "la matriz estable es: \n",
      " [[0.3463 0.3848 0.269 ]\n",
      " [0.3464 0.385  0.2686]\n",
      " [0.3456 0.3839 0.2705]]\n",
      "[[0.34623244 0.38471461 0.26905294]\n",
      " [0.34636679 0.38488937 0.26874384]\n",
      " [0.34574858 0.3840964  0.27015502]]\n",
      "------------------ 20\n",
      "\n",
      "la matriz estable es: \n",
      " [[0.3462 0.3847 0.2691]\n",
      " [0.3464 0.3849 0.2687]\n",
      " [0.3457 0.3841 0.2702]]\n",
      "[[0.34621093 0.38468774 0.26910133]\n",
      " [0.34630901 0.38481477 0.26887622]\n",
      " [0.34585879 0.38423752 0.26990369]]\n",
      "------------------ 21\n",
      "\n",
      "la matriz estable es: \n",
      " [[0.3462 0.3847 0.2691]\n",
      " [0.3463 0.3848 0.2689]\n",
      " [0.3459 0.3842 0.2699]]\n",
      "[[0.34619533 0.38466813 0.26913654]\n",
      " [0.34626688 0.3847605  0.26897261]\n",
      " [0.34593903 0.38434027 0.26972071]]\n",
      "------------------ 22\n",
      "\n",
      "la matriz estable es: \n",
      " [[0.3462 0.3847 0.2691]\n",
      " [0.3463 0.3848 0.269 ]\n",
      " [0.3459 0.3843 0.2697]]\n",
      "[[0.34618401 0.38465381 0.26916217]\n",
      " [0.34623618 0.38472101 0.26904281]\n",
      " [0.34599744 0.38441508 0.26958748]]\n",
      "------------------ 23\n",
      "\n",
      "la matriz estable es: \n",
      " [[0.3462 0.3847 0.2692]\n",
      " [0.3462 0.3847 0.269 ]\n",
      " [0.346  0.3844 0.2696]]\n",
      "[[0.34617579 0.38464338 0.26918083]\n",
      " [0.34621381 0.38469228 0.26909391]\n",
      " [0.34603997 0.38446954 0.26949048]]\n",
      "------------------ 24\n",
      "\n",
      "la matriz estable es: \n",
      " [[0.3462 0.3846 0.2692]\n",
      " [0.3462 0.3847 0.2691]\n",
      " [0.346  0.3845 0.2695]]\n",
      "[[0.34616981 0.38463578 0.26919441]\n",
      " [0.34619751 0.38467136 0.26913113]\n",
      " [0.34607094 0.3845092  0.26941986]]\n",
      "------------------ 25\n",
      "\n",
      "la matriz estable es: \n",
      " [[0.3462 0.3846 0.2692]\n",
      " [0.3462 0.3847 0.2691]\n",
      " [0.3461 0.3845 0.2694]]\n",
      "[[0.34616546 0.38463024 0.2692043 ]\n",
      " [0.34618564 0.38465614 0.26915822]\n",
      " [0.34609348 0.38453807 0.26936844]]\n",
      "------------------ 26\n",
      "\n",
      "la matriz estable es: \n",
      " [[0.3462 0.3846 0.2692]\n",
      " [0.3462 0.3847 0.2692]\n",
      " [0.3461 0.3845 0.2694]]\n",
      "[[0.3461623  0.3846262  0.2692115 ]\n",
      " [0.346177   0.38464505 0.26917795]\n",
      " [0.3461099  0.3845591  0.26933101]]\n",
      "------------------ 27\n",
      "\n",
      "la matriz estable es: \n",
      " [[0.3462 0.3846 0.2692]\n",
      " [0.3462 0.3846 0.2692]\n",
      " [0.3461 0.3846 0.2693]]\n",
      "[[0.34616    0.38462326 0.26921674]\n",
      " [0.34617071 0.38463698 0.26919231]\n",
      " [0.34612185 0.3845744  0.26930375]]\n",
      "------------------ 28\n",
      "\n",
      "la matriz estable es: \n",
      " [[0.3462 0.3846 0.2692]\n",
      " [0.3462 0.3846 0.2692]\n",
      " [0.3461 0.3846 0.2693]]\n",
      "[[0.34615833 0.38462112 0.26922055]\n",
      " [0.34616612 0.38463111 0.26920277]\n",
      " [0.34613055 0.38458555 0.2692839 ]]\n",
      "------------------ 29\n",
      "\n",
      "la matriz estable es: \n",
      " [[0.3462 0.3846 0.2692]\n",
      " [0.3462 0.3846 0.2692]\n",
      " [0.3461 0.3846 0.2693]]\n",
      "[[0.34615711 0.38461956 0.26922333]\n",
      " [0.34616278 0.38462683 0.26921038]\n",
      " [0.34613688 0.38459366 0.26926946]]\n",
      "------------------ 30\n",
      "\n",
      "la matriz estable es: \n",
      " [[0.3462 0.3846 0.2692]\n",
      " [0.3462 0.3846 0.2692]\n",
      " [0.3461 0.3846 0.2693]]\n",
      "[[0.34615622 0.38461842 0.26922535]\n",
      " [0.34616035 0.38462372 0.26921593]\n",
      " [0.3461415  0.38459957 0.26925894]]\n",
      "------------------ 31\n",
      "\n",
      "la matriz estable es: \n",
      " [[0.3462 0.3846 0.2692]\n",
      " [0.3462 0.3846 0.2692]\n",
      " [0.3461 0.3846 0.2693]]\n",
      "[[0.34615557 0.3846176  0.26922683]\n",
      " [0.34615858 0.38462145 0.26921996]\n",
      " [0.34614485 0.38460387 0.26925128]]\n",
      "------------------ 32\n",
      "\n",
      "la matriz estable es: \n",
      " [[0.3462 0.3846 0.2692]\n",
      " [0.3462 0.3846 0.2692]\n",
      " [0.3461 0.3846 0.2693]]\n",
      "[[0.3461551 0.384617  0.2692279]\n",
      " [0.3461573 0.3846198 0.2692229]\n",
      " [0.3461473 0.384607  0.2692457]]\n",
      "------------------ 33\n",
      "\n",
      "la matriz estable es: \n",
      " [[0.3462 0.3846 0.2692]\n",
      " [0.3462 0.3846 0.2692]\n",
      " [0.3461 0.3846 0.2692]]\n",
      "[[0.34615476 0.38461656 0.26922868]\n",
      " [0.34615636 0.3846186  0.26922504]\n",
      " [0.34614908 0.38460928 0.26924164]]\n",
      "------------------ 34\n",
      "\n",
      "la matriz estable es: \n",
      " [[0.3462 0.3846 0.2692]\n",
      " [0.3462 0.3846 0.2692]\n",
      " [0.3461 0.3846 0.2692]]\n",
      "[[0.34615451 0.38461624 0.26922925]\n",
      " [0.34615567 0.38461773 0.2692266 ]\n",
      " [0.34615038 0.38461094 0.26923868]]\n",
      "------------------ 35\n",
      "\n",
      "la matriz estable es: \n",
      " [[0.3462 0.3846 0.2692]\n",
      " [0.3462 0.3846 0.2692]\n",
      " [0.3462 0.3846 0.2692]]\n",
      "[[0.34615433 0.38461601 0.26922966]\n",
      " [0.34615518 0.38461709 0.26922773]\n",
      " [0.34615132 0.38461215 0.26923653]]\n",
      "------------------ 36\n",
      "\n",
      "la matriz estable es: \n",
      " [[0.3462 0.3846 0.2692]\n",
      " [0.3462 0.3846 0.2692]\n",
      " [0.3462 0.3846 0.2692]]\n",
      "[[0.3461542  0.38461584 0.26922996]\n",
      " [0.34615482 0.38461663 0.26922856]\n",
      " [0.34615201 0.38461303 0.26923496]]\n",
      "------------------ 37\n",
      "\n",
      "la matriz estable es: \n",
      " [[0.3462 0.3846 0.2692]\n",
      " [0.3462 0.3846 0.2692]\n",
      " [0.3462 0.3846 0.2692]]\n",
      "[[0.3461541  0.38461571 0.26923018]\n",
      " [0.34615455 0.38461629 0.26922916]\n",
      " [0.34615251 0.38461367 0.26923382]]\n",
      "------------------ 38\n",
      "\n",
      "la matriz estable es: \n",
      " [[0.3462 0.3846 0.2692]\n",
      " [0.3462 0.3846 0.2692]\n",
      " [0.3462 0.3846 0.2692]]\n",
      "[[0.34615403 0.38461562 0.26923034]\n",
      " [0.34615436 0.38461604 0.2692296 ]\n",
      " [0.34615287 0.38461414 0.26923299]]\n",
      "------------------ 39\n",
      "\n",
      "la matriz estable es: \n",
      " [[0.3462 0.3846 0.2692]\n",
      " [0.3462 0.3846 0.2692]\n",
      " [0.3462 0.3846 0.2692]]\n",
      "[[0.34615398 0.38461556 0.26923046]\n",
      " [0.34615422 0.38461586 0.26922992]\n",
      " [0.34615314 0.38461448 0.26923239]]\n",
      "------------------ 40\n",
      "\n",
      "la matriz estable es: \n",
      " [[0.3462 0.3846 0.2692]\n",
      " [0.3462 0.3846 0.2692]\n",
      " [0.3462 0.3846 0.2692]]\n",
      "[[0.34615395 0.38461551 0.26923054]\n",
      " [0.34615412 0.38461573 0.26923015]\n",
      " [0.34615333 0.38461472 0.26923195]]\n",
      "------------------ 41\n",
      "\n",
      "la matriz estable es: \n",
      " [[0.3462 0.3846 0.2692]\n",
      " [0.3462 0.3846 0.2692]\n",
      " [0.3462 0.3846 0.2692]]\n",
      "[[0.34615392 0.38461548 0.2692306 ]\n",
      " [0.34615404 0.38461564 0.26923032]\n",
      " [0.34615347 0.3846149  0.26923163]]\n",
      "------------------ 42\n",
      "\n",
      "la matriz estable es: \n",
      " [[0.3462 0.3846 0.2692]\n",
      " [0.3462 0.3846 0.2692]\n",
      " [0.3462 0.3846 0.2692]]\n",
      "[[0.3461539  0.38461545 0.26923065]\n",
      " [0.34615399 0.38461557 0.26923044]\n",
      " [0.34615357 0.38461503 0.26923139]]\n",
      "------------------ 43\n",
      "\n",
      "la matriz estable es: \n",
      " [[0.3462 0.3846 0.2692]\n",
      " [0.3462 0.3846 0.2692]\n",
      " [0.3462 0.3846 0.2692]]\n",
      "[[0.34615388 0.38461543 0.26923068]\n",
      " [0.34615395 0.38461552 0.26923053]\n",
      " [0.34615365 0.38461513 0.26923122]]\n",
      "------------------ 44\n",
      "\n",
      "la matriz estable es: \n",
      " [[0.3462 0.3846 0.2692]\n",
      " [0.3462 0.3846 0.2692]\n",
      " [0.3462 0.3846 0.2692]]\n",
      "[[0.34615387 0.38461542 0.26923071]\n",
      " [0.34615392 0.38461548 0.26923059]\n",
      " [0.3461537  0.3846152  0.2692311 ]]\n",
      "------------------ 45\n",
      "\n",
      "la matriz estable es: \n",
      " [[0.3462 0.3846 0.2692]\n",
      " [0.3462 0.3846 0.2692]\n",
      " [0.3462 0.3846 0.2692]]\n",
      "[[0.34615387 0.38461541 0.26923072]\n",
      " [0.3461539  0.38461546 0.26923064]\n",
      " [0.34615374 0.38461525 0.26923101]]\n",
      "------------------ 46\n",
      "\n",
      "la matriz estable es: \n",
      " [[0.3462 0.3846 0.2692]\n",
      " [0.3462 0.3846 0.2692]\n",
      " [0.3462 0.3846 0.2692]]\n",
      "[[0.34615386 0.3846154  0.26923074]\n",
      " [0.34615389 0.38461544 0.26923068]\n",
      " [0.34615377 0.38461529 0.26923094]]\n",
      "------------------ 47\n",
      "\n",
      "la matriz estable es: \n",
      " [[0.3462 0.3846 0.2692]\n",
      " [0.3462 0.3846 0.2692]\n",
      " [0.3462 0.3846 0.2692]]\n",
      "[[0.34615386 0.3846154  0.26923074]\n",
      " [0.34615388 0.38461542 0.2692307 ]\n",
      " [0.34615379 0.38461531 0.2692309 ]]\n",
      "------------------ 48\n",
      "\n",
      "la matriz estable es: \n",
      " [[0.3462 0.3846 0.2692]\n",
      " [0.3462 0.3846 0.2692]\n",
      " [0.3462 0.3846 0.2692]]\n",
      "[[0.34615385 0.38461539 0.26923075]\n",
      " [0.34615387 0.38461541 0.26923072]\n",
      " [0.34615381 0.38461533 0.26923086]]\n",
      "------------------ 49\n",
      "\n",
      "la matriz estable es: \n",
      " [[0.3462 0.3846 0.2692]\n",
      " [0.3462 0.3846 0.2692]\n",
      " [0.3462 0.3846 0.2692]]\n",
      "[[0.34615385 0.38461539 0.26923076]\n",
      " [0.34615386 0.3846154  0.26923073]\n",
      " [0.34615382 0.38461535 0.26923084]]\n",
      "------------------ 50\n",
      "\n",
      "la matriz estable es: \n",
      " [[0.3462 0.3846 0.2692]\n",
      " [0.3462 0.3846 0.2692]\n",
      " [0.3462 0.3846 0.2692]]\n",
      "[[0.34615385 0.38461539 0.26923076]\n",
      " [0.34615386 0.3846154  0.26923074]\n",
      " [0.34615382 0.38461536 0.26923082]]\n",
      "------------------ 51\n",
      "\n",
      "la matriz estable es: \n",
      " [[0.3462 0.3846 0.2692]\n",
      " [0.3462 0.3846 0.2692]\n",
      " [0.3462 0.3846 0.2692]]\n",
      "[[0.34615385 0.38461539 0.26923076]\n",
      " [0.34615385 0.3846154  0.26923075]\n",
      " [0.34615383 0.38461536 0.26923081]]\n",
      "------------------ 52\n",
      "\n",
      "la matriz estable es: \n",
      " [[0.3462 0.3846 0.2692]\n",
      " [0.3462 0.3846 0.2692]\n",
      " [0.3462 0.3846 0.2692]]\n",
      "[[0.34615385 0.38461539 0.26923076]\n",
      " [0.34615385 0.38461539 0.26923076]\n",
      " [0.34615383 0.38461537 0.2692308 ]]\n",
      "------------------ 53\n",
      "\n",
      "la matriz estable es: \n",
      " [[0.3462 0.3846 0.2692]\n",
      " [0.3462 0.3846 0.2692]\n",
      " [0.3462 0.3846 0.2692]]\n",
      "[[0.34615385 0.38461539 0.26923077]\n",
      " [0.34615385 0.38461539 0.26923076]\n",
      " [0.34615384 0.38461537 0.26923079]]\n",
      "------------------ 54\n",
      "\n",
      "la matriz estable es: \n",
      " [[0.3462 0.3846 0.2692]\n",
      " [0.3462 0.3846 0.2692]\n",
      " [0.3462 0.3846 0.2692]]\n",
      "[[0.34615385 0.38461539 0.26923077]\n",
      " [0.34615385 0.38461539 0.26923076]\n",
      " [0.34615384 0.38461538 0.26923078]]\n",
      "------------------ 55\n",
      "\n",
      "la matriz estable es: \n",
      " [[0.3462 0.3846 0.2692]\n",
      " [0.3462 0.3846 0.2692]\n",
      " [0.3462 0.3846 0.2692]]\n",
      "[[0.34615385 0.38461539 0.26923077]\n",
      " [0.34615385 0.38461539 0.26923076]\n",
      " [0.34615384 0.38461538 0.26923078]]\n",
      "------------------ 56\n",
      "\n",
      "la matriz estable es: \n",
      " [[0.3462 0.3846 0.2692]\n",
      " [0.3462 0.3846 0.2692]\n",
      " [0.3462 0.3846 0.2692]]\n",
      "[[0.34615385 0.38461539 0.26923077]\n",
      " [0.34615385 0.38461539 0.26923077]\n",
      " [0.34615384 0.38461538 0.26923078]]\n",
      "------------------ 57\n",
      "\n",
      "la matriz estable es: \n",
      " [[0.3462 0.3846 0.2692]\n",
      " [0.3462 0.3846 0.2692]\n",
      " [0.3462 0.3846 0.2692]]\n",
      "[[0.34615385 0.38461539 0.26923077]\n",
      " [0.34615385 0.38461539 0.26923077]\n",
      " [0.34615384 0.38461538 0.26923077]]\n",
      "------------------ 58\n",
      "\n",
      "la matriz estable es: \n",
      " [[0.3462 0.3846 0.2692]\n",
      " [0.3462 0.3846 0.2692]\n",
      " [0.3462 0.3846 0.2692]]\n",
      "[[0.34615385 0.38461539 0.26923077]\n",
      " [0.34615385 0.38461539 0.26923077]\n",
      " [0.34615384 0.38461538 0.26923077]]\n",
      "------------------ 59\n",
      "\n",
      "la matriz estable es: \n",
      " [[0.3462 0.3846 0.2692]\n",
      " [0.3462 0.3846 0.2692]\n",
      " [0.3462 0.3846 0.2692]]\n",
      "[[0.34615385 0.38461538 0.26923077]\n",
      " [0.34615385 0.38461539 0.26923077]\n",
      " [0.34615384 0.38461538 0.26923077]]\n",
      "------------------ 60\n",
      "\n",
      "la matriz estable es: \n",
      " [[0.3462 0.3846 0.2692]\n",
      " [0.3462 0.3846 0.2692]\n",
      " [0.3462 0.3846 0.2692]]\n",
      "[[0.34615385 0.38461538 0.26923077]\n",
      " [0.34615385 0.38461539 0.26923077]\n",
      " [0.34615385 0.38461538 0.26923077]]\n",
      "------------------ 61\n",
      "\n",
      "la matriz estable es: \n",
      " [[0.3462 0.3846 0.2692]\n",
      " [0.3462 0.3846 0.2692]\n",
      " [0.3462 0.3846 0.2692]]\n",
      "[[0.34615385 0.38461538 0.26923077]\n",
      " [0.34615385 0.38461539 0.26923077]\n",
      " [0.34615385 0.38461538 0.26923077]]\n",
      "------------------ 62\n",
      "\n",
      "la matriz estable es: \n",
      " [[0.3462 0.3846 0.2692]\n",
      " [0.3462 0.3846 0.2692]\n",
      " [0.3462 0.3846 0.2692]]\n",
      "[[0.34615385 0.38461538 0.26923077]\n",
      " [0.34615385 0.38461538 0.26923077]\n",
      " [0.34615385 0.38461538 0.26923077]]\n",
      "------------------ 63\n",
      "\n",
      "la matriz estable es: \n",
      " [[0.3462 0.3846 0.2692]\n",
      " [0.3462 0.3846 0.2692]\n",
      " [0.3462 0.3846 0.2692]]\n",
      "[[0.34615385 0.38461538 0.26923077]\n",
      " [0.34615385 0.38461538 0.26923077]\n",
      " [0.34615385 0.38461538 0.26923077]]\n",
      "------------------ 64\n",
      "\n",
      "la matriz estable es: \n",
      " [[0.3462 0.3846 0.2692]\n",
      " [0.3462 0.3846 0.2692]\n",
      " [0.3462 0.3846 0.2692]]\n",
      "[[0.34615385 0.38461538 0.26923077]\n",
      " [0.34615385 0.38461538 0.26923077]\n",
      " [0.34615385 0.38461538 0.26923077]]\n",
      "------------------ 65\n",
      "\n",
      "la matriz estable es: \n",
      " [[0.3462 0.3846 0.2692]\n",
      " [0.3462 0.3846 0.2692]\n",
      " [0.3462 0.3846 0.2692]]\n",
      "[[0.34615385 0.38461538 0.26923077]\n",
      " [0.34615385 0.38461538 0.26923077]\n",
      " [0.34615385 0.38461538 0.26923077]]\n",
      "------------------ 66\n",
      "\n",
      "la matriz estable es: \n",
      " [[0.3462 0.3846 0.2692]\n",
      " [0.3462 0.3846 0.2692]\n",
      " [0.3462 0.3846 0.2692]]\n",
      "[[0.34615385 0.38461538 0.26923077]\n",
      " [0.34615385 0.38461538 0.26923077]\n",
      " [0.34615385 0.38461538 0.26923077]]\n",
      "------------------ 67\n",
      "\n",
      "la matriz estable es: \n",
      " [[0.3462 0.3846 0.2692]\n",
      " [0.3462 0.3846 0.2692]\n",
      " [0.3462 0.3846 0.2692]]\n",
      "[[0.34615385 0.38461538 0.26923077]\n",
      " [0.34615385 0.38461538 0.26923077]\n",
      " [0.34615385 0.38461538 0.26923077]]\n",
      "------------------ 68\n",
      "\n",
      "la matriz estable es: \n",
      " [[0.3462 0.3846 0.2692]\n",
      " [0.3462 0.3846 0.2692]\n",
      " [0.3462 0.3846 0.2692]]\n",
      "[[0.34615385 0.38461538 0.26923077]\n",
      " [0.34615385 0.38461538 0.26923077]\n",
      " [0.34615385 0.38461538 0.26923077]]\n",
      "------------------ 69\n",
      "\n",
      "la matriz estable es: \n",
      " [[0.3462 0.3846 0.2692]\n",
      " [0.3462 0.3846 0.2692]\n",
      " [0.3462 0.3846 0.2692]]\n",
      "[[0.34615385 0.38461538 0.26923077]\n",
      " [0.34615385 0.38461538 0.26923077]\n",
      " [0.34615385 0.38461538 0.26923077]]\n",
      "------------------ 70\n",
      "\n",
      "la matriz estable es: \n",
      " [[0.3462 0.3846 0.2692]\n",
      " [0.3462 0.3846 0.2692]\n",
      " [0.3462 0.3846 0.2692]]\n",
      "[[0.34615385 0.38461538 0.26923077]\n",
      " [0.34615385 0.38461538 0.26923077]\n",
      " [0.34615385 0.38461538 0.26923077]]\n",
      "------------------ 71\n",
      "\n",
      "la matriz estable es: \n",
      " [[0.3462 0.3846 0.2692]\n",
      " [0.3462 0.3846 0.2692]\n",
      " [0.3462 0.3846 0.2692]]\n",
      "[[0.34615385 0.38461538 0.26923077]\n",
      " [0.34615385 0.38461538 0.26923077]\n",
      " [0.34615385 0.38461538 0.26923077]]\n",
      "------------------ 72\n",
      "\n",
      "la matriz estable es: \n",
      " [[0.3462 0.3846 0.2692]\n",
      " [0.3462 0.3846 0.2692]\n",
      " [0.3462 0.3846 0.2692]]\n",
      "[[0.34615385 0.38461538 0.26923077]\n",
      " [0.34615385 0.38461538 0.26923077]\n",
      " [0.34615385 0.38461538 0.26923077]]\n",
      "------------------ 73\n",
      "\n",
      "la matriz estable es: \n",
      " [[0.3462 0.3846 0.2692]\n",
      " [0.3462 0.3846 0.2692]\n",
      " [0.3462 0.3846 0.2692]]\n",
      "[[0.34615385 0.38461538 0.26923077]\n",
      " [0.34615385 0.38461538 0.26923077]\n",
      " [0.34615385 0.38461538 0.26923077]]\n",
      "------------------ 74\n",
      "\n",
      "la matriz estable es: \n",
      " [[0.3462 0.3846 0.2692]\n",
      " [0.3462 0.3846 0.2692]\n",
      " [0.3462 0.3846 0.2692]]\n",
      "[[0.34615385 0.38461538 0.26923077]\n",
      " [0.34615385 0.38461538 0.26923077]\n",
      " [0.34615385 0.38461538 0.26923077]]\n",
      "------------------ 75\n",
      "\n",
      "la matriz estable es: \n",
      " [[0.3462 0.3846 0.2692]\n",
      " [0.3462 0.3846 0.2692]\n",
      " [0.3462 0.3846 0.2692]]\n",
      "[[0.34615385 0.38461538 0.26923077]\n",
      " [0.34615385 0.38461538 0.26923077]\n",
      " [0.34615385 0.38461538 0.26923077]]\n",
      "------------------ 76\n",
      "\n",
      "la matriz estable es: \n",
      " [[0.3462 0.3846 0.2692]\n",
      " [0.3462 0.3846 0.2692]\n",
      " [0.3462 0.3846 0.2692]]\n",
      "[[0.34615385 0.38461538 0.26923077]\n",
      " [0.34615385 0.38461538 0.26923077]\n",
      " [0.34615385 0.38461538 0.26923077]]\n",
      "------------------ 77\n",
      "\n",
      "la matriz estable es: \n",
      " [[0.3462 0.3846 0.2692]\n",
      " [0.3462 0.3846 0.2692]\n",
      " [0.3462 0.3846 0.2692]]\n",
      "[[0.34615385 0.38461538 0.26923077]\n",
      " [0.34615385 0.38461538 0.26923077]\n",
      " [0.34615385 0.38461538 0.26923077]]\n",
      "------------------ 78\n",
      "\n",
      "la matriz estable es: \n",
      " [[0.3462 0.3846 0.2692]\n",
      " [0.3462 0.3846 0.2692]\n",
      " [0.3462 0.3846 0.2692]]\n",
      "[[0.34615385 0.38461538 0.26923077]\n",
      " [0.34615385 0.38461538 0.26923077]\n",
      " [0.34615385 0.38461538 0.26923077]]\n",
      "------------------ 79\n",
      "\n",
      "la matriz estable es: \n",
      " [[0.3462 0.3846 0.2692]\n",
      " [0.3462 0.3846 0.2692]\n",
      " [0.3462 0.3846 0.2692]]\n",
      "[[0.34615385 0.38461538 0.26923077]\n",
      " [0.34615385 0.38461538 0.26923077]\n",
      " [0.34615385 0.38461538 0.26923077]]\n",
      "------------------ 80\n",
      "\n",
      "la matriz estable es: \n",
      " [[0.3462 0.3846 0.2692]\n",
      " [0.3462 0.3846 0.2692]\n",
      " [0.3462 0.3846 0.2692]]\n",
      "[[0.34615385 0.38461538 0.26923077]\n",
      " [0.34615385 0.38461538 0.26923077]\n",
      " [0.34615385 0.38461538 0.26923077]]\n",
      "------------------ 81\n",
      "\n",
      "la matriz estable es: \n",
      " [[0.3462 0.3846 0.2692]\n",
      " [0.3462 0.3846 0.2692]\n",
      " [0.3462 0.3846 0.2692]]\n",
      "[[0.34615385 0.38461538 0.26923077]\n",
      " [0.34615385 0.38461538 0.26923077]\n",
      " [0.34615385 0.38461538 0.26923077]]\n",
      "------------------ 82\n",
      "\n",
      "la matriz estable es: \n",
      " [[0.3462 0.3846 0.2692]\n",
      " [0.3462 0.3846 0.2692]\n",
      " [0.3462 0.3846 0.2692]]\n",
      "[[0.34615385 0.38461538 0.26923077]\n",
      " [0.34615385 0.38461538 0.26923077]\n",
      " [0.34615385 0.38461538 0.26923077]]\n",
      "------------------ 83\n",
      "\n",
      "la matriz estable es: \n",
      " [[0.3462 0.3846 0.2692]\n",
      " [0.3462 0.3846 0.2692]\n",
      " [0.3462 0.3846 0.2692]]\n",
      "[[0.34615385 0.38461538 0.26923077]\n",
      " [0.34615385 0.38461538 0.26923077]\n",
      " [0.34615385 0.38461538 0.26923077]]\n",
      "------------------ 84\n",
      "\n",
      "la matriz estable es: \n",
      " [[0.3462 0.3846 0.2692]\n",
      " [0.3462 0.3846 0.2692]\n",
      " [0.3462 0.3846 0.2692]]\n",
      "[[0.34615385 0.38461538 0.26923077]\n",
      " [0.34615385 0.38461538 0.26923077]\n",
      " [0.34615385 0.38461538 0.26923077]]\n",
      "------------------ 85\n",
      "\n",
      "la matriz estable es: \n",
      " [[0.3462 0.3846 0.2692]\n",
      " [0.3462 0.3846 0.2692]\n",
      " [0.3462 0.3846 0.2692]]\n",
      "[[0.34615385 0.38461538 0.26923077]\n",
      " [0.34615385 0.38461538 0.26923077]\n",
      " [0.34615385 0.38461538 0.26923077]]\n",
      "------------------ 86\n",
      "\n",
      "la matriz estable es: \n",
      " [[0.3462 0.3846 0.2692]\n",
      " [0.3462 0.3846 0.2692]\n",
      " [0.3462 0.3846 0.2692]]\n",
      "[[0.34615385 0.38461538 0.26923077]\n",
      " [0.34615385 0.38461538 0.26923077]\n",
      " [0.34615385 0.38461538 0.26923077]]\n",
      "------------------ 87\n",
      "\n",
      "la matriz estable es: \n",
      " [[0.3462 0.3846 0.2692]\n",
      " [0.3462 0.3846 0.2692]\n",
      " [0.3462 0.3846 0.2692]]\n",
      "[[0.34615385 0.38461538 0.26923077]\n",
      " [0.34615385 0.38461538 0.26923077]\n",
      " [0.34615385 0.38461538 0.26923077]]\n",
      "------------------ 88\n",
      "\n",
      "la matriz estable es: \n",
      " [[0.3462 0.3846 0.2692]\n",
      " [0.3462 0.3846 0.2692]\n",
      " [0.3462 0.3846 0.2692]]\n",
      "[[0.34615385 0.38461538 0.26923077]\n",
      " [0.34615385 0.38461538 0.26923077]\n",
      " [0.34615385 0.38461538 0.26923077]]\n",
      "------------------ 89\n",
      "\n",
      "la matriz estable es: \n",
      " [[0.3462 0.3846 0.2692]\n",
      " [0.3462 0.3846 0.2692]\n",
      " [0.3462 0.3846 0.2692]]\n",
      "[[0.34615385 0.38461538 0.26923077]\n",
      " [0.34615385 0.38461538 0.26923077]\n",
      " [0.34615385 0.38461538 0.26923077]]\n",
      "------------------ 90\n",
      "\n",
      "la matriz estable es: \n",
      " [[0.3462 0.3846 0.2692]\n",
      " [0.3462 0.3846 0.2692]\n",
      " [0.3462 0.3846 0.2692]]\n",
      "[[0.34615385 0.38461538 0.26923077]\n",
      " [0.34615385 0.38461538 0.26923077]\n",
      " [0.34615385 0.38461538 0.26923077]]\n",
      "------------------ 91\n",
      "\n",
      "la matriz estable es: \n",
      " [[0.3462 0.3846 0.2692]\n",
      " [0.3462 0.3846 0.2692]\n",
      " [0.3462 0.3846 0.2692]]\n",
      "[[0.34615385 0.38461538 0.26923077]\n",
      " [0.34615385 0.38461538 0.26923077]\n",
      " [0.34615385 0.38461538 0.26923077]]\n",
      "------------------ 92\n",
      "\n",
      "la matriz estable es: \n",
      " [[0.3462 0.3846 0.2692]\n",
      " [0.3462 0.3846 0.2692]\n",
      " [0.3462 0.3846 0.2692]]\n",
      "[[0.34615385 0.38461538 0.26923077]\n",
      " [0.34615385 0.38461538 0.26923077]\n",
      " [0.34615385 0.38461538 0.26923077]]\n",
      "------------------ 93\n",
      "\n",
      "la matriz estable es: \n",
      " [[0.3462 0.3846 0.2692]\n",
      " [0.3462 0.3846 0.2692]\n",
      " [0.3462 0.3846 0.2692]]\n",
      "[[0.34615385 0.38461538 0.26923077]\n",
      " [0.34615385 0.38461538 0.26923077]\n",
      " [0.34615385 0.38461538 0.26923077]]\n",
      "------------------ 94\n",
      "\n",
      "la matriz estable es: \n",
      " [[0.3462 0.3846 0.2692]\n",
      " [0.3462 0.3846 0.2692]\n",
      " [0.3462 0.3846 0.2692]]\n",
      "[[0.34615385 0.38461538 0.26923077]\n",
      " [0.34615385 0.38461538 0.26923077]\n",
      " [0.34615385 0.38461538 0.26923077]]\n",
      "------------------ 95\n",
      "\n",
      "la matriz estable es: \n",
      " [[0.3462 0.3846 0.2692]\n",
      " [0.3462 0.3846 0.2692]\n",
      " [0.3462 0.3846 0.2692]]\n",
      "[[0.34615385 0.38461538 0.26923077]\n",
      " [0.34615385 0.38461538 0.26923077]\n",
      " [0.34615385 0.38461538 0.26923077]]\n",
      "------------------ 96\n",
      "\n",
      "la matriz estable es: \n",
      " [[0.3462 0.3846 0.2692]\n",
      " [0.3462 0.3846 0.2692]\n",
      " [0.3462 0.3846 0.2692]]\n",
      "[[0.34615385 0.38461538 0.26923077]\n",
      " [0.34615385 0.38461538 0.26923077]\n",
      " [0.34615385 0.38461538 0.26923077]]\n",
      "------------------ 97\n",
      "\n",
      "la matriz estable es: \n",
      " [[0.3462 0.3846 0.2692]\n",
      " [0.3462 0.3846 0.2692]\n",
      " [0.3462 0.3846 0.2692]]\n",
      "[[0.34615385 0.38461538 0.26923077]\n",
      " [0.34615385 0.38461538 0.26923077]\n",
      " [0.34615385 0.38461538 0.26923077]]\n",
      "------------------ 98\n",
      "\n",
      "la matriz estable es: \n",
      " [[0.3462 0.3846 0.2692]\n",
      " [0.3462 0.3846 0.2692]\n",
      " [0.3462 0.3846 0.2692]]\n",
      "[[0.34615385 0.38461538 0.26923077]\n",
      " [0.34615385 0.38461538 0.26923077]\n",
      " [0.34615385 0.38461538 0.26923077]]\n",
      "------------------ 99\n",
      "\n",
      "la matriz estable es: \n",
      " [[0.3462 0.3846 0.2692]\n",
      " [0.3462 0.3846 0.2692]\n",
      " [0.3462 0.3846 0.2692]]\n",
      "[[0.34615385 0.38461538 0.26923077]\n",
      " [0.34615385 0.38461538 0.26923077]\n",
      " [0.34615385 0.38461538 0.26923077]]\n",
      "------------------ 100\n",
      "\n",
      "la matriz estable es: \n",
      " [[0.3462 0.3846 0.2692]\n",
      " [0.3462 0.3846 0.2692]\n",
      " [0.3462 0.3846 0.2692]]\n"
     ]
    }
   ],
   "source": [
    "#detectar matriz estable\n",
    "for i in range(100):\n",
    "    if i == 0:\n",
    "        m_aux = np.dot(m1, m1)\n",
    "        print(m_aux)\n",
    "        print(\"1------------------\", i + 1)\n",
    "    else:\n",
    "        y = i+1\n",
    "        m_aux_anterior = m_aux\n",
    "        m_aux = np.dot(m_aux, m1)\n",
    "        print(m_aux)\n",
    "        if (np.array_equal(m_aux, m_aux_anterior)):\n",
    "            break\n",
    "        print(\"------------------\", i+1)\n",
    "        print()\n",
    "        print(\"la matriz estable es: \\n\" ,np.round(m_aux,4))"
   ]
  },
  {
   "cell_type": "code",
   "execution_count": 5,
   "id": "05cfe0ac",
   "metadata": {},
   "outputs": [
    {
     "name": "stdout",
     "output_type": "stream",
     "text": [
      "porcentaje estado 1: 34.6154 \n",
      "porcentaje estado 2: 38.4615 \n",
      "porcentaje estado 3: 26.9231\n"
     ]
    }
   ],
   "source": [
    "# porcentaje de cada estado\n",
    "print(\"porcentaje estado 1:\", np.round(m_aux[0,0]*100, 4)\n",
    "      ,\"\\nporcentaje estado 2:\", np.round(m_aux[0,1]*100, 4)\n",
    "      ,\"\\nporcentaje estado 3:\", np.round(m_aux[0,2]*100, 4))\n"
   ]
  },
  {
   "cell_type": "code",
   "execution_count": 8,
   "id": "d5912dff",
   "metadata": {},
   "outputs": [
    {
     "data": {
      "text/plain": [
       "matrix([[6000, 3000, 1000]])"
      ]
     },
     "execution_count": 8,
     "metadata": {},
     "output_type": "execute_result"
    }
   ],
   "source": [
    "#poblacion inicial \n",
    "poblacion_incial = np.matrix([[6000,3000,1000]])\n",
    "poblacion_incial\n",
    "\n"
   ]
  },
  {
   "cell_type": "code",
   "execution_count": 13,
   "id": "ccff5ab9",
   "metadata": {},
   "outputs": [
    {
     "name": "stdout",
     "output_type": "stream",
     "text": [
      "Población inicial:----V0\n",
      "Poblacion principal\n",
      "---------------------------------- 1\n",
      "[[4900. 3550. 1550.]]\n",
      "Poblacion se estabiliza en la iteración:  1\n",
      "[[4295.  3797.5 1907.5]]\n",
      "Poblacion se estabiliza en la iteración:  2\n",
      "[[3956.75 3897.88 2145.38]]\n",
      "Poblacion se estabiliza en la iteración:  3\n",
      "[[3763.84 3929.3  2306.87]]\n",
      "Poblacion se estabiliza en la iteración:  4\n",
      "[[3651.24 3930.43 2418.35]]\n",
      "Poblacion se estabiliza en la iteración:  5\n",
      "[[3583.79 3919.91 2496.33]]\n",
      "Poblacion se estabiliza en la iteración:  6\n",
      "[[3542.27 3906.32 2551.44]]\n",
      "Poblacion se estabiliza en la iteración:  7\n",
      "[[3516.   3893.34 2590.7 ]]\n",
      "Poblacion se estabiliza en la iteración:  8\n",
      "[[3498.94 3882.28 2618.83]]\n",
      "Poblacion se estabiliza en la iteración:  9\n",
      "[[3487.6  3873.38 2639.07]]\n",
      "Poblacion se estabiliza en la iteración:  10\n",
      "[[3479.9  3866.46 2653.69]]\n",
      "Poblacion se estabiliza en la iteración:  11\n",
      "[[3474.59 3861.19 2664.27]]\n",
      "Poblacion se estabiliza en la iteración:  12\n",
      "[[3470.88 3857.24 2671.93]]\n",
      "Poblacion se estabiliza en la iteración:  13\n",
      "[[3468.26 3854.3  2677.49]]\n",
      "Poblacion se estabiliza en la iteración:  14\n",
      "[[3466.39 3852.13 2681.53]]\n",
      "Poblacion se estabiliza en la iteración:  15\n",
      "[[3465.05 3850.53 2684.47]]\n",
      "Poblacion se estabiliza en la iteración:  16\n",
      "[[3464.09 3849.35 2686.61]]\n",
      "Poblacion se estabiliza en la iteración:  17\n",
      "[[3463.39 3848.49 2688.16]]\n",
      "Poblacion se estabiliza en la iteración:  18\n",
      "[[3462.89 3847.86 2689.29]]\n",
      "Poblacion se estabiliza en la iteración:  19\n",
      "[[3462.52 3847.4  2690.11]]\n",
      "Poblacion se estabiliza en la iteración:  20\n",
      "[[3462.25 3847.06 2690.71]]\n",
      "Poblacion se estabiliza en la iteración:  21\n",
      "[[3462.06 3846.82 2691.15]]\n",
      "Poblacion se estabiliza en la iteración:  22\n",
      "[[3461.92 3846.64 2691.47]]\n",
      "Poblacion se estabiliza en la iteración:  23\n",
      "[[3461.82 3846.51 2691.7 ]]\n",
      "Poblacion se estabiliza en la iteración:  24\n",
      "[[3461.75 3846.42 2691.87]]\n",
      "Poblacion se estabiliza en la iteración:  25\n",
      "[[3461.7  3846.35 2691.99]]\n",
      "Poblacion se estabiliza en la iteración:  26\n",
      "[[3461.66 3846.3  2692.08]]\n",
      "Poblacion se estabiliza en la iteración:  27\n",
      "[[3461.63 3846.27 2692.14]]\n",
      "Poblacion se estabiliza en la iteración:  28\n",
      "[[3461.61 3846.24 2692.19]]\n",
      "Poblacion se estabiliza en la iteración:  29\n",
      "[[3461.59 3846.22 2692.23]]\n",
      "Poblacion se estabiliza en la iteración:  30\n",
      "[[3461.58 3846.21 2692.25]]\n",
      "Poblacion se estabiliza en la iteración:  31\n",
      "[[3461.57 3846.2  2692.27]]\n",
      "Poblacion se estabiliza en la iteración:  32\n",
      "[[3461.57 3846.19 2692.28]]\n",
      "Poblacion se estabiliza en la iteración:  33\n",
      "[[3461.56 3846.18 2692.29]]\n",
      "Poblacion se estabiliza en la iteración:  34\n",
      "[[3461.56 3846.18 2692.3 ]]\n",
      "Poblacion se estabiliza en la iteración:  35\n",
      "Poblacion inicial y anterior son iguales\n",
      "--------------------------Numero de iteraciones:  35----------------------------------\n",
      "Poblacion Final:  [[3462 3846 2692]]\n",
      "N -------------------------------------- 36\n"
     ]
    }
   ],
