{
 "cells": [
  {
   "cell_type": "code",
   "execution_count": 19,
   "id": "582b3eaf",
   "metadata": {},
   "outputs": [],
   "source": [
    "#importar librerias\n",
    "import pandas as pd\n",
    "import numpy as np\n",
    "import matplotlib.pyplot as plt\n",
    "import seaborn as sns"
   ]
  },
  {
   "cell_type": "code",
   "execution_count": 20,
   "id": "40ca5f3a",
   "metadata": {},
   "outputs": [
    {
     "data": {
      "text/plain": [
       "array([[0.25, 0.5 , 0.25],\n",
       "       [0.05, 0.9 , 0.05],\n",
       "       [0.1 , 0.5 , 0.4 ]])"
      ]
     },
     "execution_count": 20,
     "metadata": {},
     "output_type": "execute_result"
    }
   ],
   "source": [
    "#matriz a trabajar \n",
    "matriz = np.array([[.25,.50,.25], [.05,.90,.05], [.10,.50,.40]])\n",
    "matriz"
   ]
  },
  {
   "cell_type": "code",
   "execution_count": 23,
   "id": "79eb4851",
   "metadata": {},
   "outputs": [
    {
     "name": "stdout",
     "output_type": "stream",
     "text": [
      "[[0.1125 0.7    0.1875]\n",
      " [0.0625 0.86   0.0775]\n",
      " [0.09   0.7    0.21  ]]\n",
      "1------------------ 1\n",
      "[[0.081875 0.78     0.138125]\n",
      " [0.066375 0.844    0.089625]\n",
      " [0.0785   0.78     0.1415  ]]\n",
      "------------------ 2\n",
      "\n",
      "la matriz estable es: \n",
      " [[0.0819 0.78   0.1381]\n",
      " [0.0664 0.844  0.0896]\n",
      " [0.0785 0.78   0.1415]]\n",
      "[[0.07328125 0.812      0.11471875]\n",
      " [0.06775625 0.8376     0.09464375]\n",
      " [0.072775   0.812      0.115225  ]]\n",
      "------------------ 3\n",
      "\n",
      "la matriz estable es: \n",
      " [[0.0733 0.812  0.1147]\n",
      " [0.0678 0.8376 0.0946]\n",
      " [0.0728 0.812  0.1152]]\n",
      "[[0.07039219 0.8248     0.10480781]\n",
      " [0.06828344 0.83504    0.09667656]\n",
      " [0.07031625 0.8248     0.10488375]]\n",
      "------------------ 4\n",
      "\n",
      "la matriz estable es: \n",
      " [[0.0704 0.8248 0.1048]\n",
      " [0.0683 0.835  0.0967]\n",
      " [0.0703 0.8248 0.1049]]\n",
      "[[0.06931883 0.82992    0.10076117]\n",
      " [0.06849052 0.834016   0.09749348]\n",
      " [0.06930744 0.82992    0.10077256]]\n",
      "------------------ 5\n",
      "\n",
      "la matriz estable es: \n",
      " [[0.0693 0.8299 0.1008]\n",
      " [0.0685 0.834  0.0975]\n",
      " [0.0693 0.8299 0.1008]]\n",
      "[[0.06890182 0.831968   0.09913018]\n",
      " [0.06857278 0.8336064  0.09782082]\n",
      " [0.06890012 0.831968   0.09913188]]\n",
      "------------------ 6\n",
      "\n",
      "la matriz estable es: \n",
      " [[0.0689 0.832  0.0991]\n",
      " [0.0686 0.8336 0.0978]\n",
      " [0.0689 0.832  0.0991]]\n",
      "[[0.06873687 0.8327872  0.09847593]\n",
      " [0.0686056  0.83344256 0.09795184]\n",
      " [0.06873662 0.8327872  0.09847618]]\n",
      "------------------ 7\n",
      "\n",
      "la matriz estable es: \n",
      " [[0.0687 0.8328 0.0985]\n",
      " [0.0686 0.8334 0.098 ]\n",
      " [0.0687 0.8328 0.0985]]\n",
      "[[0.06867117 0.83311488 0.09821395]\n",
      " [0.06861871 0.83337702 0.09800426]\n",
      " [0.06867113 0.83311488 0.09821399]]\n",
      "------------------ 8\n",
      "\n",
      "la matriz estable es: \n",
      " [[0.0687 0.8331 0.0982]\n",
      " [0.0686 0.8334 0.098 ]\n",
      " [0.0687 0.8331 0.0982]]\n",
      "[[0.06864493 0.83324595 0.09810912]\n",
      " [0.06862396 0.83335081 0.09802523]\n",
      " [0.06864493 0.83324595 0.09810912]]\n",
      "------------------ 9\n",
      "\n",
      "la matriz estable es: \n",
      " [[0.0686 0.8332 0.0981]\n",
      " [0.0686 0.8334 0.098 ]\n",
      " [0.0686 0.8332 0.0981]]\n",
      "[[0.06863444 0.83329838 0.09806718]\n",
      " [0.06862605 0.83334032 0.09803362]\n",
      " [0.06863444 0.83329838 0.09806718]]\n",
      "------------------ 10\n",
      "\n",
      "la matriz estable es: \n",
      " [[0.0686 0.8333 0.0981]\n",
      " [0.0686 0.8333 0.098 ]\n",
      " [0.0686 0.8333 0.0981]]\n",
      "[[0.06863025 0.83331935 0.0980504 ]\n",
      " [0.06862689 0.83333613 0.09803698]\n",
      " [0.06863025 0.83331935 0.0980504 ]]\n",
      "------------------ 11\n",
      "\n",
      "la matriz estable es: \n",
      " [[0.0686 0.8333 0.0981]\n",
      " [0.0686 0.8333 0.098 ]\n",
      " [0.0686 0.8333 0.0981]]\n",
      "[[0.06862857 0.83332774 0.09804369]\n",
      " [0.06862723 0.83333445 0.09803832]\n",
      " [0.06862857 0.83332774 0.09804369]]\n",
      "------------------ 12\n",
      "\n",
      "la matriz estable es: \n",
      " [[0.0686 0.8333 0.098 ]\n",
      " [0.0686 0.8333 0.098 ]\n",
      " [0.0686 0.8333 0.098 ]]\n",
      "[[0.0686279  0.8333311  0.09804101]\n",
      " [0.06862736 0.83333378 0.09803886]\n",
      " [0.0686279  0.8333311  0.09804101]]\n",
      "------------------ 13\n",
      "\n",
      "la matriz estable es: \n",
      " [[0.0686 0.8333 0.098 ]\n",
      " [0.0686 0.8333 0.098 ]\n",
      " [0.0686 0.8333 0.098 ]]\n",
      "[[0.06862763 0.83333244 0.09803993]\n",
      " [0.06862742 0.83333351 0.09803907]\n",
      " [0.06862763 0.83333244 0.09803993]]\n",
      "------------------ 14\n",
      "\n",
      "la matriz estable es: \n",
      " [[0.0686 0.8333 0.098 ]\n",
      " [0.0686 0.8333 0.098 ]\n",
      " [0.0686 0.8333 0.098 ]]\n",
      "[[0.06862752 0.83333298 0.0980395 ]\n",
      " [0.06862744 0.8333334  0.09803916]\n",
      " [0.06862752 0.83333298 0.0980395 ]]\n",
      "------------------ 15\n",
      "\n",
      "la matriz estable es: \n",
      " [[0.0686 0.8333 0.098 ]\n",
      " [0.0686 0.8333 0.098 ]\n",
      " [0.0686 0.8333 0.098 ]]\n",
      "[[0.06862748 0.83333319 0.09803933]\n",
      " [0.06862745 0.83333336 0.09803919]\n",
      " [0.06862748 0.83333319 0.09803933]]\n",
      "------------------ 16\n",
      "\n",
      "la matriz estable es: \n",
      " [[0.0686 0.8333 0.098 ]\n",
      " [0.0686 0.8333 0.098 ]\n",
      " [0.0686 0.8333 0.098 ]]\n",
      "[[0.06862746 0.83333328 0.09803926]\n",
      " [0.06862745 0.83333334 0.09803921]\n",
      " [0.06862746 0.83333328 0.09803926]]\n",
      "------------------ 17\n",
      "\n",
      "la matriz estable es: \n",
      " [[0.0686 0.8333 0.098 ]\n",
      " [0.0686 0.8333 0.098 ]\n",
      " [0.0686 0.8333 0.098 ]]\n",
      "[[0.06862746 0.83333331 0.09803923]\n",
      " [0.06862745 0.83333334 0.09803921]\n",
      " [0.06862746 0.83333331 0.09803923]]\n",
      "------------------ 18\n",
      "\n",
      "la matriz estable es: \n",
      " [[0.0686 0.8333 0.098 ]\n",
      " [0.0686 0.8333 0.098 ]\n",
      " [0.0686 0.8333 0.098 ]]\n",
      "[[0.06862745 0.83333332 0.09803922]\n",
      " [0.06862745 0.83333334 0.09803921]\n",
      " [0.06862745 0.83333332 0.09803922]]\n",
      "------------------ 19\n",
      "\n",
      "la matriz estable es: \n",
      " [[0.0686 0.8333 0.098 ]\n",
      " [0.0686 0.8333 0.098 ]\n",
      " [0.0686 0.8333 0.098 ]]\n",
      "[[0.06862745 0.83333333 0.09803922]\n",
      " [0.06862745 0.83333333 0.09803922]\n",
      " [0.06862745 0.83333333 0.09803922]]\n",
      "------------------ 20\n",
      "\n",
      "la matriz estable es: \n",
      " [[0.0686 0.8333 0.098 ]\n",
      " [0.0686 0.8333 0.098 ]\n",
      " [0.0686 0.8333 0.098 ]]\n",
      "[[0.06862745 0.83333333 0.09803922]\n",
      " [0.06862745 0.83333333 0.09803922]\n",
      " [0.06862745 0.83333333 0.09803922]]\n",
      "------------------ 21\n",
      "\n",
      "la matriz estable es: \n",
      " [[0.0686 0.8333 0.098 ]\n",
      " [0.0686 0.8333 0.098 ]\n",
      " [0.0686 0.8333 0.098 ]]\n",
      "[[0.06862745 0.83333333 0.09803922]\n",
      " [0.06862745 0.83333333 0.09803922]\n",
      " [0.06862745 0.83333333 0.09803922]]\n",
      "------------------ 22\n",
      "\n",
      "la matriz estable es: \n",
      " [[0.0686 0.8333 0.098 ]\n",
      " [0.0686 0.8333 0.098 ]\n",
      " [0.0686 0.8333 0.098 ]]\n",
      "[[0.06862745 0.83333333 0.09803922]\n",
      " [0.06862745 0.83333333 0.09803922]\n",
      " [0.06862745 0.83333333 0.09803922]]\n",
      "------------------ 23\n",
      "\n",
      "la matriz estable es: \n",
      " [[0.0686 0.8333 0.098 ]\n",
      " [0.0686 0.8333 0.098 ]\n",
      " [0.0686 0.8333 0.098 ]]\n",
      "[[0.06862745 0.83333333 0.09803922]\n",
      " [0.06862745 0.83333333 0.09803922]\n",
      " [0.06862745 0.83333333 0.09803922]]\n",
      "------------------ 24\n",
      "\n",
      "la matriz estable es: \n",
      " [[0.0686 0.8333 0.098 ]\n",
      " [0.0686 0.8333 0.098 ]\n",
      " [0.0686 0.8333 0.098 ]]\n",
      "[[0.06862745 0.83333333 0.09803922]\n",
      " [0.06862745 0.83333333 0.09803922]\n",
      " [0.06862745 0.83333333 0.09803922]]\n",
      "------------------ 25\n",
      "\n",
      "la matriz estable es: \n",
      " [[0.0686 0.8333 0.098 ]\n",
      " [0.0686 0.8333 0.098 ]\n",
      " [0.0686 0.8333 0.098 ]]\n",
      "[[0.06862745 0.83333333 0.09803922]\n",
      " [0.06862745 0.83333333 0.09803922]\n",
      " [0.06862745 0.83333333 0.09803922]]\n",
      "------------------ 26\n",
      "\n",
      "la matriz estable es: \n",
      " [[0.0686 0.8333 0.098 ]\n",
      " [0.0686 0.8333 0.098 ]\n",
      " [0.0686 0.8333 0.098 ]]\n",
      "[[0.06862745 0.83333333 0.09803922]\n",
      " [0.06862745 0.83333333 0.09803922]\n",
      " [0.06862745 0.83333333 0.09803922]]\n",
      "------------------ 27\n",
      "\n",
      "la matriz estable es: \n",
      " [[0.0686 0.8333 0.098 ]\n",
      " [0.0686 0.8333 0.098 ]\n",
      " [0.0686 0.8333 0.098 ]]\n",
      "[[0.06862745 0.83333333 0.09803922]\n",
      " [0.06862745 0.83333333 0.09803922]\n",
      " [0.06862745 0.83333333 0.09803922]]\n",
      "------------------ 28\n",
      "\n",
      "la matriz estable es: \n",
      " [[0.0686 0.8333 0.098 ]\n",
      " [0.0686 0.8333 0.098 ]\n",
      " [0.0686 0.8333 0.098 ]]\n",
      "[[0.06862745 0.83333333 0.09803922]\n",
      " [0.06862745 0.83333333 0.09803922]\n",
      " [0.06862745 0.83333333 0.09803922]]\n",
      "------------------ 29\n",
      "\n",
      "la matriz estable es: \n",
      " [[0.0686 0.8333 0.098 ]\n",
      " [0.0686 0.8333 0.098 ]\n",
      " [0.0686 0.8333 0.098 ]]\n",
      "[[0.06862745 0.83333333 0.09803922]\n",
      " [0.06862745 0.83333333 0.09803922]\n",
      " [0.06862745 0.83333333 0.09803922]]\n",
      "------------------ 30\n",
      "\n",
      "la matriz estable es: \n",
      " [[0.0686 0.8333 0.098 ]\n",
      " [0.0686 0.8333 0.098 ]\n",
      " [0.0686 0.8333 0.098 ]]\n",
      "[[0.06862745 0.83333333 0.09803922]\n",
      " [0.06862745 0.83333333 0.09803922]\n",
      " [0.06862745 0.83333333 0.09803922]]\n",
      "------------------ 31\n",
      "\n",
      "la matriz estable es: \n",
      " [[0.0686 0.8333 0.098 ]\n",
      " [0.0686 0.8333 0.098 ]\n",
      " [0.0686 0.8333 0.098 ]]\n",
      "[[0.06862745 0.83333333 0.09803922]\n",
      " [0.06862745 0.83333333 0.09803922]\n",
      " [0.06862745 0.83333333 0.09803922]]\n",
      "------------------ 32\n",
      "\n",
      "la matriz estable es: \n",
      " [[0.0686 0.8333 0.098 ]\n",
      " [0.0686 0.8333 0.098 ]\n",
      " [0.0686 0.8333 0.098 ]]\n",
      "[[0.06862745 0.83333333 0.09803922]\n",
      " [0.06862745 0.83333333 0.09803922]\n",
      " [0.06862745 0.83333333 0.09803922]]\n",
      "------------------ 33\n",
      "\n",
      "la matriz estable es: \n",
      " [[0.0686 0.8333 0.098 ]\n",
      " [0.0686 0.8333 0.098 ]\n",
      " [0.0686 0.8333 0.098 ]]\n",
      "[[0.06862745 0.83333333 0.09803922]\n",
      " [0.06862745 0.83333333 0.09803922]\n",
      " [0.06862745 0.83333333 0.09803922]]\n",
      "------------------ 34\n",
      "\n",
      "la matriz estable es: \n",
      " [[0.0686 0.8333 0.098 ]\n",
      " [0.0686 0.8333 0.098 ]\n",
      " [0.0686 0.8333 0.098 ]]\n",
      "[[0.06862745 0.83333333 0.09803922]\n",
      " [0.06862745 0.83333333 0.09803922]\n",
      " [0.06862745 0.83333333 0.09803922]]\n",
      "------------------ 35\n",
      "\n",
      "la matriz estable es: \n",
      " [[0.0686 0.8333 0.098 ]\n",
      " [0.0686 0.8333 0.098 ]\n",
      " [0.0686 0.8333 0.098 ]]\n",
      "[[0.06862745 0.83333333 0.09803922]\n",
      " [0.06862745 0.83333333 0.09803922]\n",
      " [0.06862745 0.83333333 0.09803922]]\n",
      "------------------ 36\n",
      "\n",
      "la matriz estable es: \n",
      " [[0.0686 0.8333 0.098 ]\n",
      " [0.0686 0.8333 0.098 ]\n",
      " [0.0686 0.8333 0.098 ]]\n",
      "[[0.06862745 0.83333333 0.09803922]\n",
      " [0.06862745 0.83333333 0.09803922]\n",
      " [0.06862745 0.83333333 0.09803922]]\n",
      "------------------ 37\n",
      "\n",
      "la matriz estable es: \n",
      " [[0.0686 0.8333 0.098 ]\n",
      " [0.0686 0.8333 0.098 ]\n",
      " [0.0686 0.8333 0.098 ]]\n",
      "[[0.06862745 0.83333333 0.09803922]\n",
      " [0.06862745 0.83333333 0.09803922]\n",
      " [0.06862745 0.83333333 0.09803922]]\n",
      "------------------ 38\n",
      "\n",
      "la matriz estable es: \n",
      " [[0.0686 0.8333 0.098 ]\n",
      " [0.0686 0.8333 0.098 ]\n",
      " [0.0686 0.8333 0.098 ]]\n",
      "[[0.06862745 0.83333333 0.09803922]\n",
      " [0.06862745 0.83333333 0.09803922]\n",
      " [0.06862745 0.83333333 0.09803922]]\n",
      "------------------ 39\n",
      "\n",
      "la matriz estable es: \n",
      " [[0.0686 0.8333 0.098 ]\n",
      " [0.0686 0.8333 0.098 ]\n",
      " [0.0686 0.8333 0.098 ]]\n",
      "[[0.06862745 0.83333333 0.09803922]\n",
      " [0.06862745 0.83333333 0.09803922]\n",
      " [0.06862745 0.83333333 0.09803922]]\n",
      "------------------ 40\n",
      "\n",
      "la matriz estable es: \n",
      " [[0.0686 0.8333 0.098 ]\n",
      " [0.0686 0.8333 0.098 ]\n",
      " [0.0686 0.8333 0.098 ]]\n",
      "[[0.06862745 0.83333333 0.09803922]\n",
      " [0.06862745 0.83333333 0.09803922]\n",
      " [0.06862745 0.83333333 0.09803922]]\n",
      "------------------ 41\n",
      "\n",
      "la matriz estable es: \n",
      " [[0.0686 0.8333 0.098 ]\n",
      " [0.0686 0.8333 0.098 ]\n",
      " [0.0686 0.8333 0.098 ]]\n",
      "[[0.06862745 0.83333333 0.09803922]\n",
      " [0.06862745 0.83333333 0.09803922]\n",
      " [0.06862745 0.83333333 0.09803922]]\n",
      "------------------ 42\n",
      "\n",
      "la matriz estable es: \n",
      " [[0.0686 0.8333 0.098 ]\n",
      " [0.0686 0.8333 0.098 ]\n",
      " [0.0686 0.8333 0.098 ]]\n",
      "[[0.06862745 0.83333333 0.09803922]\n",
      " [0.06862745 0.83333333 0.09803922]\n",
      " [0.06862745 0.83333333 0.09803922]]\n"
     ]
    }
   ],
   "source": [
    "#detectar matriz estable\n",
    "for i in range(100):\n",
    "    if i == 0:\n",
    "        m_aux = np.dot(matriz, matriz)\n",
    "        print(m_aux)\n",
    "        print(\"1------------------\", i + 1)\n",
    "    else:\n",
    "        y = i+1\n",
    "        m_aux_anterior = m_aux\n",
    "        m_aux = np.dot(m_aux, matriz)\n",
    "        print(m_aux)\n",
    "        if (np.array_equal(m_aux, m_aux_anterior)):\n",
    "            break\n",
    "        print(\"------------------\", i+1)\n",
    "        print()\n",
    "        print(\"la matriz estable es: \\n\" ,np.round(m_aux,4))\n"
   ]
  }
 ],
 "metadata": {
  "kernelspec": {
   "display_name": "Python 3",
   "language": "python",
   "name": "python3"
  },
  "language_info": {
   "codemirror_mode": {
    "name": "ipython",
    "version": 3
   },
   "file_extension": ".py",
   "mimetype": "text/x-python",
   "name": "python",
   "nbconvert_exporter": "python",
   "pygments_lexer": "ipython3",
   "version": "3.11.9"
  }
 },
 "nbformat": 4,
 "nbformat_minor": 5
}
